iid:     9,          6,          6, 	      30126
iid:    10,          7,          4, 	      16104
iid:    11,          7,          4, 	      16324
iid:    12,          7,          4, 	      15887
iid:    13,          6,          4, 	      16337
iid:    14,          4,          4, 	      16508
iid:    15,          6,          4, 	      16312
iid:    16,          7,          4, 	      15947
iid:    17,          8,          4, 	      16427
iid:    18,          7,          4, 	      17073
iid:    19,          7,          4, 	      16366
iid:    20,          8,          4, 	      16966
iid:    21,          5,          4, 	      16158
iid:    22,          7,          4, 	      16423
iid:    23,          7,          4, 	      16301
iid:    24,          7,          4, 	      16180
iid:    25,          9,          6, 	      16044
iid:    26,          8,          5, 	      15948
iid:    27,          7,          5, 	      16192
iid:    28,          7,          5, 	      16196
iid:    29,          7,          5, 	      16225
iid:    30,          8,          6, 	      16296
iid:    31,          8,          5, 	      16222
iid:    32,          8,          5, 	      16223
iid:    33,          7,          5, 	      16210
iid:    34,          8,          5, 	      16227
iid:    35,          8,          5, 	      16237
iid:    36,          9,          6, 	      16306
iid:    37,          7,          5, 	      16164
iid:    38,          7,          5, 	      16352
iid:    39,          7,          5, 	      16373
iid:    40,          7,          5, 	      16630
iid:    41,         10,          7, 	      16355
iid:    42,          7,          5, 	      16443
iid:    43,          7,          5, 	      16416
iid:    44,          7,          5, 	      16499
iid:    45,          7,          5, 	      16708
iid:    46,          8,          6, 	      16968
iid:    47,          7,          5, 	      16232
iid:    48,          8,          5, 	      16476
iid:    49,          8,          5, 	      16349
iid:    50,          8,          5, 	      16243
iid:    51,          9,          6, 	      16239
iid:    52,          9,          6, 	      16371
iid:    53,          8,          5, 	      16084
iid:    54,          7,          5, 	      16246
iid:    55,          7,          5, 	      16220
iid:    56,          7,          5, 	      16273
iid:    57,          9,          6, 	      16337
iid:    58,          7,          5, 	      16206
iid:    59,          8,          5, 	      16275
iid:    60,          8,          5, 	      16390
iid:    61,          7,          5, 	      16347
iid:    62,          8,          6, 	      16332
iid:    63,          8,          5, 	      16662
iid:    64,          8,          5, 	      16219
iid:    65,          8,          5, 	      16273
iid:    66,          8,          5, 	      16224
iid:    67,          8,          6, 	      16400
iid:    68,          8,          6, 	      16501
iid:    69,          8,          5, 	      16621
iid:    70,          8,          5, 	      16578
iid:    71,          7,          5, 	      16686
iid:    72,          8,          5, 	      16624
iid:    73,          8,          6, 	      16440
iid:    74,          8,          5, 	      16323
iid:    75,          8,          5, 	      16572
iid:    76,          7,          5, 	      16498
iid:    77,          7,          5, 	      16321
iid:    78,          9,          6, 	      16450
iid:    79,          8,          5, 	      16422
iid:    80,          8,          5, 	      16413
iid:    81,          7,          5, 	      16572
iid:    82,          8,          5, 	      16555
iid:    83,          9,          6, 	      16538
iid:    84,          9,          5, 	      16550
iid:    85,          7,          5, 	      16535
iid:    86,          8,          5, 	      16307
iid:    87,          8,          5, 	      16492
iid:    88,          8,          5, 	      16386
iid:    89,          9,          6, 	      16319
iid:    90,          7,          5, 	      16480
iid:    91,          7,          5, 	      16589
iid:    92,          8,          5, 	      16266
iid:    93,          7,          5, 	      16464
iid:    94,          9,          6, 	      16265
iid:    95,          8,          5, 	      16662
iid:    96,          7,          5, 	      16474
iid:    97,          8,          5, 	      17419
iid:    98,          7,          5, 	      16639
iid:    99,          8,          6, 	      16373
iid:   100,          7,          5, 	      17234
iid:   101,          8,          5, 	      16331
iid:   102,          8,          5, 	      16550
iid:   103,          7,          5, 	      16141
iid:   104,          8,          6, 	      16828
iid:   105,          8,          5, 	      16347
iid:   106,          7,          5, 	      16358
iid:   107,          7,          5, 	      16116
iid:   108,          7,          5, 	      16336
iid:   109,          8,          6, 	      16243
iid:   110,          9,          6, 	      16516
iid:   111,          8,          5, 	      16189
iid:   112,          8,          5, 	      16454
iid:   113,          7,          5, 	      16330
iid:   114,          8,          5, 	      16458
iid:   115,         10,          7, 	      16384
iid:   116,          8,          5, 	      16585
iid:   117,          8,          5, 	      16411
iid:   118,          8,          5, 	      16402
iid:   119,          8,          5, 	      16272
iid:   120,          8,          6, 	      16340
iid:   121,          8,          5, 	      16358
iid:   122,          8,          5, 	      16557
iid:   123,          7,          5, 	      16143
iid:   124,          7,          5, 	      16601
iid:   125,          8,          6, 	      16661
iid:   126,          8,          6, 	      16106
iid:   127,          7,          5, 	      16532
iid:   128,          7,          5, 	      16558
iid:   129,          7,          5, 	      16537
iid:   130,          7,          5, 	      16931
iid:   131,          9,          6, 	      16539
iid:   132,          8,          5, 	      16589
iid:   133,          8,          5, 	      16899
iid:   134,          8,          5, 	      16399
iid:   135,          7,          5, 	      16866
iid:   136,          8,          6, 	      16379
iid:   137,          7,          5, 	      16381
iid:   138,          7,          5, 	      16419
iid:   139,          8,          5, 	      16499
iid:   140,          7,          5, 	      16458
iid:   141,          9,          6, 	      16706
iid:   142,          8,          5, 	      16376
iid:   143,          7,          5, 	      16260
iid:   144,          7,          5, 	      16094
iid:   145,          8,          5, 	      16666
iid:   146,          8,          6, 	      16213
iid:   147,          8,          6, 	      16455
iid:   148,          7,          5, 	      16253
iid:   149,          8,          5, 	      16541
iid:   150,          7,          5, 	      16344
iid:   151,          8,          5, 	      16418
iid:   152,          9,          6, 	      16405
iid:   153,          8,          5, 	      16424
iid:   154,          7,          5, 	      16267
iid:   155,          7,          5, 	      16460
iid:   156,          7,          5, 	      16243
iid:   157,          8,          6, 	      16529
iid:   158,          8,          5, 	      16524
iid:   159,          8,          5, 	      16450
iid:   160,          7,          5, 	      16397
iid:   161,          7,          5, 	      16339
iid:   162,          8,          6, 	      16441
iid:   163,          9,          5, 	      16464
iid:   164,          7,          5, 	      16201
iid:   165,          7,          5, 	      16402
iid:   166,          8,          5, 	      16399
iid:   167,          8,          5, 	      16724
iid:   168,          8,          6, 	      16138
iid:   169,          7,          5, 	      16390
iid:   170,          7,          5, 	      16114
iid:   171,          8,          5, 	      16440
iid:   172,          8,          5, 	      16895
iid:   173,          9,          7, 	      16470
iid:   174,          8,          5, 	      16275
iid:   175,          8,          5, 	      16296
iid:   176,          7,          5, 	      16154
iid:   177,          7,          5, 	      16298
iid:   178,          8,          6, 	      16229
iid:   179,          9,          5, 	      16186
iid:   180,          7,          5, 	      16070
iid:   181,          7,          5, 	      16733
iid:   182,          7,          5, 	      16321
iid:   183,          8,          5, 	      16811
iid:   184,          8,          6, 	      16297
iid:   185,          8,          5, 	      16087
iid:   186,          7,          5, 	      16532
iid:   187,          8,          5, 	      16480
iid:   188,          8,          5, 	      16328
iid:   189,          9,          6, 	      16262
iid:   190,          8,          5, 	      16327
iid:   191,          7,          5, 	      16467
iid:   192,          8,          5, 	      16755
iid:   193,          8,          5, 	      16633
iid:   194,          8,          6, 	      16570
iid:   195,          7,          5, 	      16725
iid:   196,          7,          5, 	      16786
iid:   197,          7,          5, 	      16411
iid:   198,          8,          5, 	      16401
iid:   199,          9,          6, 	      16901
iid:   200,          8,          5, 	      16571
iid:   201,          8,          5, 	      16428
iid:   202,          8,          5, 	      16341
iid:   203,          8,          5, 	      16588
iid:   204,          8,          5, 	      16479
iid:   205,          8,          6, 	      16871
iid:   206,          7,          5, 	      16436
iid:   207,          8,          5, 	      16397
iid:   208,          8,          5, 	      16466
iid:   209,          8,          5, 	      16450
iid:   210,          9,          7, 	      16604
iid:   211,          8,          5, 	      16327
iid:   212,          8,          5, 	      16695
iid:   213,          7,          5, 	      16611
iid:   214,          7,          5, 	      17621
iid:   215,          8,          6, 	      16415
iid:   216,          8,          5, 	      16481
iid:   217,          7,          5, 	      16264
iid:   218,          7,          5, 	      16469
iid:   219,          8,          5, 	      16271
iid:   220,          8,          6, 	      16625
iid:   221,          9,          5, 	      16569
iid:   222,          7,          5, 	      16310
iid:   223,          8,          5, 	      16249
iid:   224,          7,          5, 	      16736
iid:   225,          8,          5, 	      16413
iid:   226,          9,          6, 	      16462
iid:   227,          7,          5, 	      16480
iid:   228,          8,          5, 	      16653
iid:   229,          8,          5, 	      16523
iid:   230,          8,          5, 	      16777
iid:   231,          9,          6, 	      16647
iid:   232,          8,          5, 	      16590
iid:   233,          8,          5, 	      16448
iid:   234,          8,          5, 	      16545
iid:   235,          7,          5, 	      16300
iid:   236,          9,          6, 	      16246
iid:   237,          8,          5, 	      16591
iid:   238,          8,          5, 	      16356
iid:   239,          8,          5, 	      16441
iid:   240,          7,          5, 	      16425
iid:   241,          8,          6, 	      16587
iid:   242,          8,          5, 	      16244
iid:   243,          8,          5, 	      16273
iid:   244,          7,          5, 	      18135
iid:   245,          7,          5, 	      16268
iid:   246,          8,          6, 	      16221
iid:   247,          9,          6, 	      16163
iid:   248,          8,          5, 	      16368
iid:   249,          8,          5, 	      16397
iid:   250,          8,          5, 	      16325
iid:   251,          7,          6, 	      16295
iid:   252,          8,          6, 	      16823
iid:   253,          8,          5, 	      16271
iid:   254,          8,          5, 	      16357
iid:   255,          9,          6, 	      16366
iid:   256,          7,          5, 	      16436
iid:   257,          7,          5, 	      16414
iid:   258,          7,          5, 	      16381
iid:   259,          7,          5, 	      16286
iid:   260,          9,          6, 	      16578
iid:   261,          9,          5, 	      16373
iid:   262,          8,          5, 	      16665
iid:   263,          8,          5, 	      16184
iid:   264,          7,          5, 	      16411
iid:   265,          8,          6, 	      16445
iid:   266,          9,          6, 	      16394
iid:   267,          8,          5, 	      16547
iid:   268,          8,          5, 	      16284
iid:   269,          8,          5, 	      16255
iid:   270,          8,          5, 	      16607
iid:   271,          9,          6, 	      16634
iid:   272,          8,          5, 	      16545
iid:   273,          7,          5, 	      16372
iid:   274,          8,          5, 	      16494
iid:   275,          8,          5, 	      16681
iid:   276,          8,          6, 	      16433
iid:   277,          7,          5, 	      16314
iid:   278,          8,          5, 	      16574
iid:   279,          7,          5, 	      16323
iid:   280,          8,          5, 	      16664
iid:   281,          8,          6, 	      16043
iid:   282,          9,          5, 	      16647
iid:   283,          8,          5, 	      16243
iid:   284,          8,          5, 	      16638
iid:   285,          8,          5, 	      16219
iid:   286,          8,          5, 	      16345
iid:   287,          8,          5, 	      16116
iid:   288,          8,          5, 	      16590
iid:   289,          7,          5, 	      16088
iid:   290,          9,          6, 	      16624
iid:   291,          8,          5, 	      16252
iid:   292,          8,          5, 	      16418
iid:   293,          8,          5, 	      16281
iid:   294,          7,          5, 	      16674
iid:   295,          9,          6, 	      16258
iid:   296,          8,          5, 	      16323
iid:   297,          8,          5, 	      16465
iid:   298,          8,          5, 	      16524
iid:   299,          7,          5, 	      16711
iid:   300,          8,          6, 	      16662
iid:   301,          8,          5, 	      16449
iid:   302,          8,          5, 	      16411
iid:   303,          7,          5, 	      16139
iid:   304,          8,          5, 	      16356
iid:   305,          8,          5, 	      16613
iid:   306,          8,          6, 	      16322
iid:   307,          8,          5, 	      16640
iid:   308,          8,          5, 	      16528
iid:   309,          8,          5, 	      16454
iid:   310,          7,          5, 	      16330
iid:   311,          9,          6, 	      16478
iid:   312,          8,          5, 	      16391
iid:   313,          8,          5, 	      16665
iid:   314,          7,          5, 	      16256
iid:   315,          8,          5, 	      16383
iid:   316,          8,          6, 	      16325
iid:   317,          8,          5, 	      16607
iid:   318,          7,          5, 	      16564
iid:   319,          8,          5, 	      16602
iid:   320,          7,          5, 	      16240
iid:   321,          8,          6, 	      16479
iid:   322,          9,          6, 	      16400
iid:   323,          8,          5, 	      16512
iid:   324,          7,          5, 	      16374
iid:   325,          8,          5, 	      16701
iid:   326,          8,          5, 	      16750
iid:   327,          9,          6, 	      16494
iid:   328,          7,          5, 	      16802
iid:   329,          8,          5, 	      16696
iid:   330,          8,          5, 	      16605
iid:   331,          8,          5, 	      16559
iid:   332,          8,          6, 	      16661
iid:   333,          7,          5, 	      16446
iid:   334,          7,          5, 	      16468
iid:   335,          8,          5, 	      16658
iid:   336,          8,          5, 	      16449
iid:   337,          9,          6, 	      16367
iid:   338,          9,          5, 	      16201
iid:   339,          8,          5, 	      16495
iid:   340,          7,          5, 	      16097
iid:   341,          7,          5, 	      16356
iid:   342,          7,          5, 	      16098
iid:   343,          8,          6, 	      16428
iid:   344,          7,          5, 	      16184
iid:   345,          8,          5, 	      16764
iid:   346,          8,          5, 	      16345
iid:   347,          8,          5, 	      16633
iid:   348,          8,          6, 	      16396
iid:   349,          8,          5, 	      16199
iid:   350,          7,          5, 	      16249
iid:   351,          8,          5, 	      16369
iid:   352,          8,          5, 	      16171
iid:   353,          9,          6, 	      16217
iid:   354,          8,          5, 	      16739
iid:   355,          7,          5, 	      16101
iid:   356,          7,          5, 	      16488
iid:   357,          7,          5, 	      16066
iid:   358,          7,          5, 	      16656
iid:   359,          9,          6, 	      16320
iid:   360,          7,          5, 	      16651
iid:   361,          8,          5, 	      16519
iid:   362,          7,          5, 	      17187
iid:   363,          7,          5, 	      16325
iid:   364,          9,          6, 	      16070
iid:   365,          7,          5, 	      16336
iid:   366,          7,          5, 	      16286
iid:   367,          8,          5, 	      16264
iid:   368,          8,          5, 	      16010
iid:   369,          8,          6, 	      16378
iid:   370,          7,          5, 	      16296
iid:   371,          8,          5, 	      16531
iid:   372,          7,          5, 	      15998
iid:   373,          8,          5, 	      16353
iid:   374,          9,          6, 	      16144
iid:   375,          9,          6, 	      16249
iid:   376,          7,          5, 	      16263
iid:   377,          8,          5, 	      16632
iid:   378,          7,          5, 	      16230
iid:   379,          8,          5, 	      16469
iid:   380,          8,          6, 	      16535
iid:   381,          8,          5, 	      16346
iid:   382,          7,          5, 	      16358
iid:   383,          8,          5, 	      16316
iid:   384,          8,          5, 	      16523
iid:   385,          8,          6, 	      16309
iid:   386,          7,          5, 	      16449
iid:   387,          8,          5, 	      16508
iid:   388,          7,          5, 	      16341
iid:   389,          7,          5, 	      16701
iid:   390,          9,          6, 	      16289
iid:   391,          8,          5, 	      16389
iid:   392,          7,          5, 	      16241
iid:   393,          7,          5, 	      16257
iid:   394,          8,          5, 	      16187
iid:   395,          8,          5, 	      16331
iid:   396,          8,          6, 	      16284
iid:   397,          7,          5, 	      16451
iid:   398,          7,          5, 	      16136
iid:   399,          7,          5, 	      16392
iid:   400,          7,          5, 	      16312
iid:   401,          8,          6, 	      16583
iid:   402,          7,          5, 	      16380
iid:   403,          8,          5, 	      16519
iid:   404,          7,          5, 	      16533
iid:   405,          7,          5, 	      16486
iid:   406,          8,          6, 	      16208
iid:   407,          7,          5, 	      16944
iid:   408,          7,          5, 	      16419
iid:   409,          7,          5, 	      16369
iid:   410,          7,          5, 	      16480
iid:   411,          8,          6, 	      16471
iid:   412,          8,          5, 	      16363
iid:   413,          7,          5, 	      16514
iid:   414,          7,          5, 	      16305
iid:   415,          7,          5, 	      16373
iid:   416,          8,          6, 	      16236
iid:   417,          8,          6, 	      16775
iid:   418,          7,          5, 	      16619
iid:   419,          7,          5, 	      16480
iid:   420,          7,          5, 	      16216
iid:   421,          7,          5, 	      16679
iid:   422,          8,          6, 	      16337
iid:   423,          7,          5, 	      16589
iid:   424,          8,          5, 	      16304
iid:   425,          8,          5, 	      16355
iid:   426,          7,          5, 	      16261
iid:   427,          8,          6, 	      16272
iid:   428,          7,          5, 	      16173
iid:   429,          7,          5, 	      16389
iid:   430,          7,          5, 	      16064
iid:   431,          7,          5, 	      16566
iid:   432,          8,          6, 	      16374
iid:   433,          9,          6, 	      16365
iid:   434,          8,          5, 	      15926
iid:   435,          7,          5, 	      16509
iid:   436,          7,          5, 	      16340
iid:   437,          8,          6, 	      16321
iid:   438,          8,          6, 	      16353
iid:   439,          7,          5, 	      16500
iid:   440,          7,          5, 	      16435
iid:   441,          7,          5, 	      16656
iid:   442,          7,          5, 	      16230
iid:   443,          8,          6, 	      16600
iid:   444,          8,          5, 	      16047
iid:   445,          8,          5, 	      17079
iid:   446,          7,          5, 	      16275
iid:   447,          7,          5, 	      16288
iid:   448,          8,          6, 	      16234
iid:   449,          7,          5, 	      16202
iid:   450,          7,          5, 	      25398
iid:   451,          5,          4, 	      25359
iid:   452,          6,          5, 	      25270
iid:   453,          5,          4, 	      25536
iid:   454,          5,          4, 	      25535
iid:   455,          5,          4, 	      25367
iid:   456,          6,          5, 	      25436
iid:   457,          5,          4, 	      25254
iid:   458,          5,          4, 	      25406
iid:   459,          5,          4, 	      25276
iid:   460,          5,          4, 	      25588
iid:   461,          5,          4, 	      25346
iid:   462,          5,          4, 	      25022
iid:   463,          6,          5, 	      25652
iid:   464,          5,          4, 	      25077
iid:   465,          5,          4, 	      25443
iid:   466,          5,          4, 	      25293
iid:   467,          5,          4, 	      25228
iid:   468,          5,          4, 	      25479
iid:   469,          5,          4, 	      25306
iid:   470,          6,          5, 	      25367
iid:   471,          5,          4, 	      25250
iid:   472,          5,          4, 	      26526
iid:   473,          5,          4, 	      25234
iid:   474,          5,          4, 	      25171
iid:   475,          5,          4, 	      25825
iid:   476,          5,          4, 	      25448
iid:   477,          6,          5, 	      25387
iid:   478,          5,          4, 	      25231
iid:   479,          5,          4, 	      25547
iid:   480,          5,          4, 	      26586
iid:   481,          6,          5, 	      25469
iid:   482,          5,          4, 	      25123
iid:   483,          5,          4, 	      25021
iid:   484,          6,          5, 	      25235
iid:   485,          5,          4, 	      25388
iid:   486,          5,          4, 	      24878
iid:   487,          5,          4, 	      25332
iid:   488,          6,          5, 	      24945
iid:   489,          5,          4, 	      25202
iid:   490,          5,          4, 	      24894
iid:   491,          5,          4, 	      25359
iid:   492,          5,          4, 	      25379
iid:   493,          5,          4, 	      25373
iid:   494,          5,          4, 	      24930
iid:   495,          6,          5, 	      25310
iid:   496,          5,          4, 	      24845
iid:   497,          5,          4, 	      25246
iid:   498,          5,          4, 	      24908
iid:   499,          5,          4, 	      25384
iid:   500,          5,          4, 	      25369
iid:   501,          5,          4, 	      25156
iid:   502,          6,          5, 	      25167
iid:   503,          5,          4, 	      25441
iid:   504,          5,          4, 	      25288
iid:   505,          5,          4, 	      25145
iid:   506,          6,          5, 	      25421
iid:   507,          5,          4, 	      25061
iid:   508,          5,          4, 	      25541
iid:   509,          6,          5, 	      25504
iid:   510,          5,          4, 	      25508
iid:   511,          5,          4, 	      25274
iid:   512,          5,          4, 	      25344
iid:   513,          6,          5, 	      25167
iid:   514,          5,          4, 	      25217
iid:   515,          5,          4, 	      25259
iid:   516,          5,          4, 	      25703
iid:   517,          5,          4, 	      25559
iid:   518,          5,          4, 	      25387
iid:   519,          5,          4, 	      25262
iid:   520,          6,          5, 	      25292
iid:   521,          5,          4, 	      25454
iid:   522,          5,          4, 	      25090
iid:   523,          5,          4, 	      25168
iid:   524,          5,          4, 	      25183
iid:   525,          5,          4, 	      25292
iid:   526,          5,          4, 	      25200
iid:   527,          6,          5, 	      25340
iid:   528,          5,          4, 	      25201
iid:   529,          5,          4, 	      25357
iid:   530,          5,          4, 	      26109
iid:   531,          6,          5, 	      25393
iid:   532,          5,          4, 	      25336
iid:   533,          5,          4, 	      25577
iid:   534,          6,          5, 	      25398
iid:   535,          5,          4, 	      25500
iid:   536,          5,          4, 	      25325
iid:   537,          5,          4, 	      25068
iid:   538,          5,          4, 	      25306
iid:   539,          5,          4, 	      25439
iid:   540,          5,          4, 	      25449
iid:   541,          6,          5, 	      25280
iid:   542,          5,          4, 	      25399
iid:   543,          5,          4, 	      25273
iid:   544,          5,          4, 	      25382
iid:   545,          5,          4, 	      25297
iid:   546,          5,          4, 	      25566
iid:   547,          5,          4, 	      25549
iid:   548,          6,          5, 	      26062
iid:   549,          5,          4, 	      25472
iid:   550,          5,          4, 	      25476
iid:   551,          5,          4, 	      25980
iid:   552,          6,          5, 	      25185
iid:   553,          5,          4, 	      25146
iid:   554,          5,          4, 	      25332
iid:   555,          6,          5, 	      25439
iid:   556,          5,          4, 	      25458
iid:   557,          5,          4, 	      25175
iid:   558,          5,          4, 	      25505
iid:   559,          6,          5, 	      25400
iid:   560,          5,          4, 	      25246
iid:   561,          5,          4, 	      25428
iid:   562,          6,          5, 	      25588
iid:   563,          5,          4, 	      25152
iid:   564,          5,          4, 	      25171
iid:   565,          5,          4, 	      25157
iid:   566,          6,          5, 	      25299
iid:   567,          5,          4, 	      25115
iid:   568,          5,          4, 	      25626
iid:   569,          5,          4, 	      25176
iid:   570,          5,          4, 	      25708
iid:   571,          5,          4, 	      25014
iid:   572,          5,          4, 	      25161
iid:   573,          6,          5, 	      25094
iid:   574,          5,          4, 	      25516
iid:   575,          5,          4, 	      24974
iid:   576,          5,          4, 	      25152
iid:   577,          5,          4, 	      25481
iid:   578,          5,          4, 	      25337
iid:   579,          5,          4, 	      25421
iid:   580,          6,          5, 	      25461
iid:   581,          5,          4, 	      25395
iid:   582,          5,          4, 	      25229
iid:   583,          5,          4, 	      25307
iid:   584,          5,          4, 	      25366
iid:   585,          5,          4, 	      25086
iid:   586,          5,          4, 	      25288
iid:   587,          6,          5, 	      25683
iid:   588,          5,          4, 	      25467
iid:   589,          5,          4, 	      25274
iid:   590,          5,          4, 	      25486
iid:   591,          5,          4, 	      25705
iid:   592,          5,          4, 	      25497
iid:   593,          5,          4, 	      25301
iid:   594,          6,          5, 	      25451
iid:   595,          5,          4, 	      25231
iid:   596,          5,          4, 	      25216
iid:   597,          5,          4, 	      25492
iid:   598,          6,          5, 	      25571
iid:   599,          5,          4, 	      25135
iid:   600,          5,          4, 	      25201
iid:   601,          6,          5, 	      25328
iid:   602,          5,          4, 	      25432
iid:   603,          5,          4, 	      25464
iid:   604,          5,          4, 	      25168
iid:   605,          6,          5, 	      25264
iid:   606,          5,          4, 	      25321
iid:   607,          5,          4, 	      25475
iid:   608,          6,          5, 	      25165
iid:   609,          5,          4, 	      25322
iid:   610,          5,          4, 	      25384
iid:   611,          5,          4, 	      25850
iid:   612,          6,          5, 	      25168
iid:   613,          5,          4, 	      25447
iid:   614,          5,          4, 	      25059
iid:   615,          5,          4, 	      25223
iid:   616,          5,          4, 	      25196
iid:   617,          5,          4, 	      25039
iid:   618,          5,          4, 	      25101
iid:   619,          6,          5, 	      25074
iid:   620,          5,          4, 	      24881
iid:   621,          5,          4, 	      25141
iid:   622,          5,          4, 	      25078
iid:   623,          5,          4, 	      25116
iid:   624,          5,          4, 	      24869
iid:   625,          5,          4, 	      25326
iid:   626,          6,          5, 	      25283
iid:   627,          5,          4, 	      25450
iid:   628,          5,          4, 	      25321
iid:   629,          5,          4, 	      25392
iid:   630,          5,          4, 	      25186
iid:   631,          5,          4, 	      25251
iid:   632,          5,          4, 	      25488
iid:   633,          6,          5, 	      25102
iid:   634,          5,          4, 	      25333
iid:   635,          5,          4, 	      25135
iid:   636,          5,          4, 	      25310
iid:   637,          6,          5, 	      25458
iid:   638,          5,          4, 	      25100
iid:   639,          5,          4, 	      25277
iid:   640,          6,          5, 	      25206
iid:   641,          5,          4, 	      25308
iid:   642,          5,          4, 	      26012
iid:   643,          5,          4, 	      25643
iid:   644,          6,          5, 	      25607
iid:   645,          5,          4, 	      25482
iid:   646,          5,          4, 	      25195
iid:   647,          6,          5, 	      25179
iid:   648,          5,          4, 	      25488
iid:   649,          5,          4, 	      25475
iid:   650,          5,          4, 	      25259
iid:   651,          6,          5, 	      25488
iid:   652,          5,          4, 	      25379
iid:   653,          5,          4, 	      25826
iid:   654,          6,          5, 	      25401
iid:   655,          5,          4, 	      25882
iid:   656,          5,          4, 	      25525
iid:   657,          5,          4, 	      25274
iid:   658,          6,          5, 	      25471
iid:   659,          5,          4, 	      25445
iid:   660,          5,          4, 	      25184
iid:   661,          5,          4, 	      25195
iid:   662,          5,          4, 	      25478
iid:   663,          5,          4, 	      25444
iid:   664,          5,          4, 	      25572
iid:   665,          6,          5, 	      25289
iid:   666,          5,          4, 	      25634
iid:   667,          5,          4, 	      25481
iid:   668,          5,          4, 	      25696
iid:   669,          5,          4, 	      25283
iid:   670,          5,          4, 	      25460
iid:   671,          5,          4, 	      25254
iid:   672,          6,          5, 	      25747
iid:   673,          5,          4, 	      25192
iid:   674,          5,          4, 	      25545
iid:   675,          5,          4, 	      25834
iid:   676,          5,          4, 	      25320
iid:   677,          5,          4, 	      25423
iid:   678,          5,          4, 	      25319
iid:   679,          6,          5, 	      25400
iid:   680,          5,          4, 	      25311
iid:   681,          5,          4, 	      25266
iid:   682,          5,          4, 	      25238
iid:   683,          5,          4, 	      25240
iid:   684,          5,          4, 	      25393
iid:   685,          5,          4, 	      25685
iid:   686,          6,          5, 	      25297
iid:   687,          5,          4, 	      25265
iid:   688,          5,          4, 	      25356
iid:   689,          5,          4, 	      25444
iid:   690,          5,          4, 	      25348
iid:   691,          5,          4, 	      25484
iid:   692,          5,          4, 	      25100
iid:   693,          6,          5, 	      25232
iid:   694,          5,          4, 	      25421
iid:   695,          5,          4, 	      25394
iid:   696,          5,          4, 	      25367
iid:   697,          6,          5, 	      25090
iid:   698,          5,          4, 	      25246
iid:   699,          5,          4, 	      25416
iid:   700,          6,          5, 	      25184
iid:   701,          5,          4, 	      25409
iid:   702,          5,          4, 	      25444
iid:   703,          5,          4, 	      25416
iid:   704,          6,          5, 	      25200
iid:   705,          5,          4, 	      25238
iid:   706,          5,          4, 	      25110
iid:   707,          6,          5, 	      25395
iid:   708,          5,          4, 	      25236
iid:   709,          5,          4, 	      25383
iid:   710,          5,          4, 	      25256
iid:   711,          6,          5, 	      25417
iid:   712,          5,          4, 	      25324
iid:   713,          5,          4, 	      25363
iid:   714,          5,          4, 	      25151
iid:   715,          5,          4, 	      25396
iid:   716,          5,          4, 	      25373
iid:   717,          5,          4, 	      25264
iid:   718,          6,          5, 	      25524
iid:   719,          5,          4, 	      26838
iid:   720,          5,          4, 	      25505
iid:   721,          5,          4, 	      25454
iid:   722,          5,          4, 	      25404
iid:   723,          5,          4, 	      25231
iid:   724,          5,          4, 	      25015
iid:   725,          6,          5, 	      25812
iid:   726,          5,          4, 	      25066
iid:   727,          5,          4, 	      25281
iid:   728,          5,          4, 	      25141
iid:   729,          6,          5, 	      25263
iid:   730,          5,          4, 	      25309
iid:   731,          5,          4, 	      25492
iid:   732,          6,          5, 	      26532
iid:   733,          5,          4, 	      25475
iid:   734,          5,          4, 	      25233
iid:   735,          5,          4, 	      25123
iid:   736,          6,          5, 	      25284
iid:   737,          5,          4, 	      25477
iid:   738,          5,          4, 	      25325
iid:   739,          5,          4, 	      24835
iid:   740,          6,          4, 	      24969
iid:   741,          5,          4, 	      25000
iid:   742,          5,          4, 	      25146
iid:   743,          6,          5, 	      26161
iid:   744,          5,          4, 	      25114
iid:   745,          5,          4, 	      24979
iid:   746,          5,          4, 	      25040
iid:   747,          5,          4, 	      25377
iid:   748,          5,          4, 	      25156
iid:   749,          5,          4, 	      25458
iid:   750,          6,          5, 	      25129
iid:   751,          5,          4, 	      25413
iid:   752,          5,          4, 	      25243
iid:   753,          5,          4, 	      26562
iid:   754,          6,          5, 	      25302
iid:   755,          5,          4, 	      25401
iid:   756,          5,          4, 	      25234
iid:   757,          6,          5, 	      25518
iid:   758,          5,          4, 	      25364
iid:   759,          5,          4, 	      25082
iid:   760,          5,          4, 	      25006
iid:   761,          6,          5, 	      25152
iid:   762,          5,          4, 	      25000
iid:   763,          5,          4, 	      25294
iid:   764,          5,          4, 	      25085
iid:   765,          5,          4, 	      25162
iid:   766,          5,          4, 	      25402
iid:   767,          5,          4, 	      25605
iid:   768,          6,          5, 	      25176
iid:   769,          5,          4, 	      25297
iid:   770,          5,          4, 	      25560
iid:   771,          5,          4, 	      25361
iid:   772,          5,          4, 	      27322
iid:   773,          5,          4, 	      25200
iid:   774,          5,          4, 	      25249
iid:   775,          6,          5, 	      25167
iid:   776,          5,          4, 	      25440
iid:   777,          5,          4, 	      25287
iid:   778,          5,          4, 	      25305
iid:   779,          6,          5, 	      25157
iid:   780,          5,          4, 	      25179
iid:   781,          5,          4, 	      25175
iid:   782,          6,          5, 	      25218
iid:   783,          5,          4, 	      25192
iid:   784,          5,          4, 	      25335
iid:   785,          5,          4, 	      25159
iid:   786,          6,          5, 	      25248
iid:   787,          5,          4, 	      26506
iid:   788,          5,          4, 	      24763
iid:   789,          5,          4, 	      24907
iid:   790,          5,          4, 	      25255
iid:   791,          5,          4, 	      25404
iid:   792,          5,          4, 	      25397
iid:   793,          6,          5, 	      25302
iid:   794,          5,          4, 	      25163
iid:   795,          5,          4, 	      25514
iid:   796,          5,          4, 	      25135
iid:   797,          6,          5, 	      25555
iid:   798,          5,          4, 	      25134
iid:   799,          5,          4, 	      25388
iid:   800,          6,          5, 	      25496
iid:   801,          5,          4, 	      25209
iid:   802,          5,          4, 	      25519
iid:   803,          5,          4, 	      25686
iid:   804,          6,          5, 	      26313
iid:   805,          5,          4, 	      25410
iid:   806,          5,          4, 	      25279
iid:   807,          6,          5, 	      25322
iid:   808,          5,          4, 	      25377
iid:   809,          5,          4, 	      25390
iid:   810,          5,          4, 	      26001
iid:   811,          6,          5, 	      25430
iid:   812,          5,          4, 	      25416
iid:   813,          5,          4, 	      25405
iid:   814,          5,          4, 	      25391
iid:   815,          6,          4, 	      25434
iid:   816,          5,          4, 	      25236
iid:   817,          5,          4, 	      25439
iid:   818,          6,          5, 	      25079
iid:   819,          5,          4, 	      25484
iid:   820,          5,          4, 	      25393
iid:   821,          5,          4, 	      25578
iid:   822,          5,          4, 	      25632
iid:   823,          5,          4, 	      25522
iid:   824,          5,          4, 	      25300
iid:   825,          6,          5, 	      25451
iid:   826,          5,          4, 	      25564
iid:   827,          5,          4, 	      25593
iid:   828,          5,          4, 	      25276
iid:   829,          6,          5, 	      25560
iid:   830,          5,          4, 	      25413
iid:   831,          5,          4, 	      25383
iid:   832,          6,          5, 	      24994
iid:   833,          5,          4, 	      25161
iid:   834,          5,          4, 	      25428
iid:   835,          5,          4, 	      25358
iid:   836,          6,          5, 	      25248
iid:   837,          5,          4, 	      25014
iid:   838,          5,          4, 	      25276
iid:   839,          5,          4, 	      25061
iid:   840,          5,          4, 	      25371
iid:   841,          5,          4, 	      25051
iid:   842,          5,          4, 	      25047
iid:   843,          6,          5, 	      25018
iid:   844,          5,          4, 	      25143
iid:   845,          5,          4, 	      25121
iid:   846,          5,          4, 	      24972
iid:   847,          5,          4, 	      25328
iid:   848,          5,          4, 	      25208
iid:   849,          5,          4, 	      25274
iid:   850,          6,          5, 	      25268
iid:   851,          5,          4, 	      25247
iid:   852,          5,          4, 	      25041
iid:   853,          5,          4, 	      25321
iid:   854,          6,          5, 	      25101
iid:   855,          5,          4, 	      25018
iid:   856,          5,          4, 	      25258
iid:   857,          5,          4, 	      25162
iid:   858,          5,          4, 	      25148
iid:   859,          5,          4, 	      25222
iid:   860,          5,          4, 	      25216
iid:   861,          6,          5, 	      25049
iid:   862,          5,          4, 	      25465
iid:   863,          5,          4, 	      25241
iid:   864,          5,          4, 	      25295
iid:   865,          5,          4, 	      25510
iid:   866,          5,          4, 	      25152
iid:   867,          5,          4, 	      24952
iid:   868,          6,          5, 	      26293
iid:   869,          5,          4, 	      24954
iid:   870,          5,          4, 	      25069
iid:   871,          5,          4, 	      24897
iid:   872,          6,          5, 	      25088
iid:   873,          5,          4, 	      24994
iid:   874,          5,          4, 	      25180
iid:   875,          5,          4, 	      25306
iid:   876,          5,          4, 	      25094
iid:   877,          5,          4, 	      25150
iid:   878,          5,          4, 	      25068
iid:   879,          6,          5, 	      25229
iid:   880,          5,          4, 	      25256
iid:   881,          5,          4, 	      25458
iid:   882,          5,          4, 	      25146
iid:   883,          5,          4, 	      25247
iid:   884,          5,          4, 	      25249
iid:   885,          5,          4, 	      25278
iid:   886,          6,          5, 	      25339
iid:   887,          5,          4, 	      25337
iid:   888,          5,          4, 	      25121
iid:   889,          5,          4, 	      25133
iid:   890,          6,          5, 	      25320
iid:   891,          5,          4, 	      25261
iid:   892,          5,          4, 	      25548
iid:   893,          5,          4, 	      25496
iid:   894,          5,          4, 	      25759
iid:   895,          5,          4, 	      25354
iid:   896,          5,          4, 	      25197
iid:   897,          6,          5, 	      25898
iid:   898,          5,          4, 	      25360
iid:   899,          5,          4, 	      25495
iid:   900,          5,          4, 	      25346
iid:   901,          5,          4, 	      25100
iid:   902,          5,          4, 	      29098
iid:   903,          5,          4, 	      25848
iid:   904,          6,          5, 	      25346
iid:   905,          5,          4, 	      25224
iid:   906,          5,          4, 	      25211
iid:   907,          5,          4, 	      25470
iid:   908,          5,          4, 	      25037
iid:   909,          5,          4, 	      25203
iid:   910,          5,          4, 	      29879
iid:   911,          6,          5, 	      25511
iid:   912,          5,          4, 	      25164
iid:   913,          5,          4, 	      25539
iid:   914,          5,          4, 	      25101
iid:   915,          5,          4, 	      25082
iid:   916,          5,          4, 	      24887
iid:   917,          5,          4, 	      25159
iid:   918,          6,          5, 	      24982
iid:   919,          5,          4, 	      25209
iid:   920,          5,          4, 	      25210
iid:   921,          5,          4, 	      25149
iid:   922,          5,          5, 	      26874
iid:   923,          5,          4, 	      25103
iid:   924,          5,          4, 	      25086
iid:   925,          6,          5, 	      25039
iid:   926,          5,          4, 	      25199
iid:   927,          5,          4, 	      25151
iid:   928,          5,          4, 	      25216
iid:   929,          6,          5, 	      25425
iid:   930,          5,          4, 	      25280
iid:   931,          5,          4, 	      25260
iid:   932,          5,          4, 	      25198
iid:   933,          5,          4, 	      25344
iid:   934,          5,          4, 	      25203
iid:   935,          5,          4, 	      25009
iid:   936,          6,          5, 	      25091
iid:   937,          5,          4, 	      25265
iid:   938,          5,          4, 	      25376
iid:   939,          5,          4, 	      25177
iid:   940,          6,          5, 	      25298
iid:   941,          5,          4, 	      25222
iid:   942,          5,          4, 	      24985
iid:   943,          6,          5, 	      25617
iid:   944,          5,          4, 	      24960
iid:   945,          5,          4, 	      25330
iid:   946,          5,          4, 	      25001
iid:   947,          6,          5, 	      25133
iid:   948,          5,          4, 	      25110
iid:   949,          5,          4, 	      25519
iid:   950,          5,          4, 	      25152
iid:   951,          5,          4, 	      25482
iid:   952,          5,          4, 	      25350
iid:   953,          5,          4, 	      25109
iid:   954,          6,          5, 	      25287
iid:   955,          5,          4, 	      24999
iid:   956,          5,          4, 	      24986
iid:   957,          5,          4, 	      25286
iid:   958,          5,          4, 	      25635
iid:   959,          5,          4, 	      25496
iid:   960,          5,          4, 	      25848
iid:   961,          6,          5, 	      25358
iid:   962,          5,          4, 	      25375
iid:   963,          5,          4, 	      25098
iid:   964,          5,          4, 	      25286
iid:   965,          6,          5, 	      24866
iid:   966,          5,          4, 	      25182
iid:   967,          5,          4, 	      24910
iid:   968,          5,          4, 	      25277
iid:   969,          5,          4, 	      24885
iid:   970,          5,          4, 	      25149
iid:   971,          5,          4, 	      25372
iid:   972,          6,          5, 	      25252
iid:   973,          5,          4, 	      25092
iid:   974,          5,          4, 	      25147
iid:   975,          5,          4, 	      25360
iid:   976,          5,          4, 	      25642
iid:   977,          5,          4, 	      25389
iid:   978,          5,          4, 	      25179
iid:   979,          6,          5, 	      25267
iid:   980,          5,          4, 	      25528
iid:   981,          5,          4, 	      25095
iid:   982,          5,          4, 	      25252
iid:   983,          6,          5, 	      25098
iid:   984,          5,          4, 	      25189
iid:   985,          5,          4, 	      24863
iid:   986,          6,          5, 	      25224
iid:   987,          5,          4, 	      25053
iid:   988,          5,          4, 	      25434
iid:   989,          5,          4, 	      25235
iid:   990,          6,          5, 	      25248
iid:   991,          5,          4, 	      25137
iid:   992,          5,          4, 	      25380
iid:   993,          5,          4, 	      25368
iid:   994,          5,          4, 	      25400
iid:   995,          5,          4, 	      25119
iid:   996,          5,          4, 	      25369
iid:   997,          6,          5, 	      25118
iid:   998,          5,          4, 	      25732
iid:   999,          5,          4, 	      25129
iid:  1000,          5,          4, 	      26195
iid:  1001,          5,          4, 	      25423
iid:  1002,          5,          4, 	      25415
iid:  1003,          5,          4, 	      25932
iid:  1004,          6,          5, 	      25288
iid:  1005,          5,          4, 	      25282
iid:  1006,          5,          4, 	      25520
iid:  1007,          5,          4, 	      25160
iid:  1008,          6,          5, 	      25270
iid:  1009,          1,          0, 	          ?
#	 SMR -- mean: 6.3 stddev: 1.37
#	 Consensus -- mean: 4.63 stddev: 0.68