iid:     9,          3,          3, 	      26469
iid:    10,          3,          3, 	      29055
iid:    11,         13,          3, 	      54154
iid:    12,          2,          4, 	      53239
iid:    13,          3,          3, 	      52542
iid:    14,          2,          4, 	      51921
iid:    15,          3,          2, 	      72844
iid:    16,          2,          3, 	      71425
iid:    17,          3,          2, 	      71409
iid:    18,          2,          2, 	      71295
iid:    19,          2,          2, 	      46750
iid:    20,          2,          3, 	      43841
iid:    21,         20,          3, 	      16458
iid:    22,          7,          2, 	      27546
iid:    23,          2,          3, 	      27153
iid:    24,          3,          3, 	      27157
iid:    25,          7,          2, 	      22203
iid:    26,          2,          3, 	      21785
iid:    27,          3,          2, 	      21430
iid:    28,          2,          2, 	      21065
iid:    29,          2,          2, 	      20226
iid:    30,          2,          3, 	      19963
iid:    31,         12,          3, 	      19123
iid:    32,         18,          4, 	      18403
iid:    33,          3,          2, 	      17618
iid:    34,          2,          3, 	      17368
iid:    35,         11,          3, 	      13683
iid:    36,          4,          2, 	      20371
iid:    37,          2,          3, 	      19993
iid:    38,         10,          3, 	      23563
iid:    39,          2,          3, 	      23250
iid:    40,          3,          3, 	      22948
iid:    41,          3,          3, 	      21924
iid:    42,         11,          4, 	      22304
iid:    43,          4,          3, 	      23487
iid:    44,          2,          6, 	      23136
iid:    45,          3,          3, 	      17345
iid:    46,          6,          3, 	      18954
iid:    47,         10,          3, 	      24361
iid:    48,          3,          2, 	      21411
iid:    49,          2,          2, 	      21065
iid:    50,          2,          2, 	      20780
iid:    51,          2,          3, 	      19815
iid:    52,         12,          4, 	      19329
iid:    53,          3,          3, 	      18672
iid:    54,          7,          4, 	      20246
iid:    55,          2,          4, 	      19458
iid:    56,          3,          3, 	      16356
iid:    57,         11,          3, 	      15454
iid:    58,          5,          2, 	      18289
iid:    59,          2,          3, 	      17928
iid:    60,          9,          3, 	      21812
iid:    61,          2,          6, 	      21485
iid:    62,          3,          2, 	      15638
iid:    63,          2,          3, 	      15261
iid:    64,         16,          3, 	      18447
iid:    65,          3,          2, 	      18182
iid:    66,          2,          3, 	      17451
iid:    67,         12,          4, 	      19842
iid:    68,          3,          2, 	      18998
iid:    69,          2,          3, 	      18704
iid:    70,          8,          3, 	      16677
iid:    71,         10,          3, 	      19853
iid:    72,          5,          2, 	      18801
iid:    73,          2,          3, 	      18087
iid:    74,          7,          2, 	      21560
iid:    75,          2,          3, 	      19904
iid:    76,          3,          2, 	      19268
iid:    77,          2,          3, 	      18919
iid:    78,         10,          4, 	      20131
iid:    79,          3,          2, 	      18095
iid:    80,          2,          3, 	      17533
iid:    81,         18,          4, 	      19831
iid:    82,          3,          3, 	      16437
iid:    83,          3,          3, 	      16148
iid:    84,          8,          3, 	      17847
iid:    85,          3,          3, 	      16947
iid:    86,          7,          2, 	      21441
iid:    87,          2,          3, 	      17034
iid:    88,          5,          3, 	      17818
iid:    89,         19,          4, 	      20884
iid:    90,          2,          4, 	      20283
iid:    91,          3,          3, 	      14518
iid:    92,          8,          3, 	      21515
iid:    93,          2,          6, 	      21176
iid:    94,          4,          2, 	      14920
iid:    95,          2,          3, 	      14498
iid:    96,         18,          4, 	      17959
iid:    97,          5,          3, 	      22392
iid:    98,          3,          2, 	      22173
iid:    99,          2,          2, 	      21862
iid:   100,          2,          2, 	      21607
iid:   101,          2,          3, 	      20764
iid:   102,         10,          2, 	      19833
iid:   103,          2,          3, 	      19119
iid:   104,          4,          2, 	      19215
iid:   105,          2,          3, 	      17731
iid:   106,         20,          4, 	      21118
iid:   107,          3,          3, 	      14840
iid:   108,          4,          2, 	      18236
iid:   109,          2,          3, 	      17837
iid:   110,          3,          2, 	      18307
iid:   111,          2,          3, 	      17765
iid:   112,         18,          2, 	      17338
iid:   113,          2,          3, 	      17235
iid:   114,          5,          2, 	      18490
iid:   115,          2,          3, 	      18014
iid:   116,         10,          3, 	      17955
iid:   117,         10,          5, 	      19635
iid:   118,          3,          2, 	      17501
iid:   119,          2,          3, 	      16963
iid:   120,          3,          2, 	      17277
iid:   121,          2,          3, 	      16594
iid:   122,         23,          4, 	      20443
iid:   123,          4,          2, 	      17435
iid:   124,          2,          2, 	      17143
iid:   125,          2,          2, 	      17023
iid:   126,          2,          3, 	      16898
iid:   127,          3,          3, 	      14568
iid:   128,         11,          3, 	      14372
iid:   129,          9,          3, 	      18324
iid:   130,          7,          2, 	      18264
iid:   131,          2,          3, 	      17833
iid:   132,         10,          3, 	      16309
iid:   133,          7,          2, 	      17928
iid:   134,          2,          3, 	      17855
iid:   135,          9,          4, 	      22898
iid:   136,          2,          3, 	      22755
iid:   137,          2,          4, 	      22357
iid:   138,          3,          3, 	      17724
iid:   139,         23,          4, 	      20804
iid:   140,          3,          3, 	      20345
iid:   141,          2,          4, 	      20050
iid:   142,          3,          3, 	      17165
iid:   143,          9,          4, 	      20404
iid:   144,          3,          3, 	      20679
iid:   145,          8,          2, 	      19553
iid:   146,          2,          3, 	      19261
iid:   147,         13,          2, 	      20059
iid:   148,          3,          3, 	      19770
iid:   149,          8,          3, 	      13309
iid:   150,          6,          3, 	      19560
iid:   151,          3,          2, 	      19133
iid:   152,          2,          3, 	      18823
iid:   153,          8,          3, 	      14931
iid:   154,          7,          3, 	      15982
iid:   155,         16,          3, 	      20190
iid:   156,          2,          4, 	      19604
iid:   157,         11,          3, 	      19635
iid:   158,          4,          2, 	      18727
iid:   159,          2,          3, 	      18408
iid:   160,          8,          3, 	      19111
iid:   161,          4,          3, 	      18961
iid:   162,          5,          3, 	      19030
iid:   163,         13,          4, 	      21374
iid:   164,          4,          2, 	      21138
iid:   165,          2,          3, 	      17366
iid:   166,         10,          3, 	      18211
iid:   167,         11,          4, 	      19939
iid:   168,          3,          3, 	      19435
iid:   169,          3,          3, 	      18761
iid:   170,         10,          3, 	      19823
iid:   171,         12,          3, 	      23085
iid:   172,          2,          5, 	      22720
iid:   173,          9,          3, 	      18841
iid:   174,          7,          2, 	      18724
iid:   175,          2,          2, 	      18370
iid:   176,          2,          3, 	      17958
iid:   177,         10,          3, 	      14840
iid:   178,          5,          3, 	      19802
iid:   179,          3,          3, 	      19641
iid:   180,          5,          3, 	      14243
iid:   181,         27,          3, 	      22207
iid:   182,          2,          4, 	      21703
iid:   183,          3,          2, 	      17693
iid:   184,          2,          2, 	      16928
iid:   185,          2,          2, 	      16267
iid:   186,          2,          3, 	      15766
iid:   187,         19,          3, 	      16921
iid:   188,          4,          3, 	      17129
iid:   189,         16,          2, 	      22270
iid:   190,          2,          3, 	      19411
iid:   191,          3,          2, 	      18620
iid:   192,          2,          3, 	      18330
iid:   193,         12,          4, 	      18979
iid:   194,          4,          3, 	      18381
iid:   195,          4,          2, 	      19163
iid:   196,          2,          3, 	      18791
iid:   197,         14,          3, 	      16250
iid:   198,          7,          3, 	      16081
iid:   199,         14,          3, 	      18541
iid:   200,          7,          4, 	      18788
iid:   201,          3,          2, 	      21422
iid:   202,          2,          2, 	      21109
iid:   203,          2,          3, 	      17549
iid:   204,         22,          5, 	      23991
iid:   205,          4,          2, 	      19254
iid:   206,          2,          3, 	      17536
iid:   207,         13,          3, 	      23342
iid:   208,          2,          6, 	      22594
iid:   209,          4,          3, 	      15069
iid:   210,          9,          2, 	      23063
iid:   211,          2,          3, 	      17400
iid:   212,          3,          2, 	      17982
iid:   213,          2,          3, 	      17676
iid:   214,         30,          3, 	      20518
iid:   215,          2,          5, 	      20423
iid:   216,          3,          4, 	      20298
iid:   217,          3,          2, 	      15178
iid:   218,          2,          3, 	      15032
iid:   219,         14,          6, 	      26544
iid:   220,          5,          4, 	      19903
iid:   221,          8,          3, 	      20120
iid:   222,         18,          5, 	      24375
iid:   223,          3,          3, 	      18585
iid:   224,         10,          3, 	      22629
iid:   225,          2,          4, 	      22078
iid:   226,          3,          3, 	      20435
iid:   227,          6,          3, 	      15187
iid:   228,         23,          4, 	      21647
iid:   229,          3,          3, 	      20690
iid:   230,          4,          2, 	      18483
iid:   231,          2,          3, 	      17793
iid:   232,         13,          4, 	      19779
iid:   233,          5,          4, 	      20235
iid:   234,          4,          3, 	      15456
iid:   235,         26,          3, 	      21035
iid:   236,          4,          3, 	      21518
iid:   237,          7,          3, 	      18416
iid:   238,          4,          3, 	      20358
iid:   239,          6,          2, 	      20863
iid:   240,          2,          3, 	      20770
iid:   241,          9,          2, 	      22091
iid:   242,          2,          3, 	      20079
iid:   243,          7,          3, 	      14087
iid:   244,          3,          3, 	      15000
iid:   245,         29,          5, 	      24596
iid:   246,          3,          4, 	      19398
iid:   247,          9,          3, 	      21199
iid:   248,          3,          3, 	      20998
iid:   249,          9,          3, 	      14446
iid:   250,         18,          2, 	      19614
iid:   251,          2,          3, 	      19339
iid:   252,         16,          3, 	      25356
iid:   253,          2,          3, 	      24259
iid:   254,          2,          7, 	      23917
iid:   255,          3,          3, 	      17981
iid:   256,          5,          3, 	      17563
iid:   257,          9,          3, 	      17874
iid:   258,          8,          4, 	      24583
iid:   259,          3,          4, 	      21857
iid:   260,         26,          3, 	      16845
iid:   261,          8,          3, 	      26109
iid:   262,          4,          2, 	      21400
iid:   263,          2,          2, 	      21047
iid:   264,          2,          2, 	      20798
iid:   265,          2,          2, 	      19768
iid:   266,          2,          3, 	      19435
iid:   267,         41,          5, 	      22819
iid:   268,          3,          3, 	      22411
iid:   269,          2,          4, 	      22087
iid:   270,          3,          4, 	      19196
iid:   271,         12,          4, 	      18900
iid:   272,          5,          3, 	      17113
iid:   273,          7,          2, 	      18073
iid:   274,          2,          3, 	      17732
iid:   275,         24,          2, 	      21192
iid:   276,          2,          3, 	      20481
iid:   277,         10,          2, 	      19575
iid:   278,          2,          3, 	      19188
iid:   279,          3,          2, 	      18829
iid:   280,          2,          2, 	      18213
iid:   281,          2,          3, 	      13833
iid:   282,         22,          3, 	      17624
iid:   283,         12,          2, 	      18202
iid:   284,          2,          3, 	      15450
iid:   285,         12,          3, 	      17066
iid:   286,          6,          3, 	      18185
iid:   287,          9,          3, 	      15847
iid:   288,          5,          2, 	      18565
iid:   289,          2,          3, 	      18190
iid:   290,          3,          2, 	      17343
iid:   291,          2,          3, 	      17018
iid:   292,          9,          3, 	      15025
iid:   293,         32,          2, 	      17099
iid:   294,          2,          3, 	      16886
iid:   295,          3,          3, 	      17650
iid:   296,         19,          6, 	      22925
iid:   297,          3,          4, 	      20585
iid:   298,          4,          3, 	      15710
iid:   299,          5,          3, 	      19477
iid:   300,         23,          4, 	      21258
iid:   301,          2,          3, 	      20897
iid:   302,          2,          5, 	      20491
iid:   303,          5,          2, 	      15179
iid:   304,          2,          3, 	      14848
iid:   305,         15,          3, 	      22003
iid:   306,          3,          2, 	      19257
iid:   307,          2,          3, 	      18512
iid:   308,         12,          5, 	      21206
iid:   309,          4,          3, 	      16845
iid:   310,         29,          2, 	      17171
iid:   311,          2,          3, 	      16873
iid:   312,          8,          3, 	      17014
iid:   313,         13,          3, 	      22595
iid:   314,          3,          2, 	      20013
iid:   315,          2,          2, 	      19616
iid:   316,          2,          2, 	      19358
iid:   317,          2,          3, 	      19003
iid:   318,         10,          3, 	      15061
iid:   319,         30,          6, 	      24950
iid:   320,          3,          4, 	      18548
iid:   321,          3,          3, 	      17795
iid:   322,          3,          3, 	      15525
iid:   323,         18,          4, 	      21267
iid:   324,         10,          3, 	      20037
iid:   325,          4,          2, 	      22256
iid:   326,          2,          2, 	      21959
iid:   327,          2,          2, 	      20170
iid:   328,          2,          3, 	      19909
iid:   329,         21,          3, 	      17476
iid:   330,          6,          3, 	      17887
iid:   331,          3,          2, 	      17919
iid:   332,          2,          3, 	      17655
iid:   333,          9,          3, 	      15386
iid:   334,         16,          3, 	      15530
iid:   335,          5,          3, 	      18071
iid:   336,          3,          2, 	      19028
iid:   337,          2,          2, 	      18381
iid:   338,          2,          3, 	      17920
iid:   339,         15,          3, 	      15926
iid:   340,         14,          2, 	      19305
iid:   341,          2,          3, 	      18801
iid:   342,          4,          2, 	      18928
iid:   343,          2,          2, 	      18543
iid:   344,          2,          3, 	      15382
iid:   345,         20,          3, 	      14885
iid:   346,          6,          2, 	      16527
iid:   347,          2,          3, 	      16158
iid:   348,          5,          3, 	      17522
iid:   349,         13,          5, 	      20359
iid:   350,         12,          2, 	      18083
iid:   351,          2,          2, 	      17649
iid:   352,          2,          2, 	      17359
iid:   353,          2,          2, 	      17057
iid:   354,          2,          3, 	      16845
iid:   355,         20,          4, 	      18005
iid:   356,          3,          2, 	      17356
iid:   357,          2,          3, 	      17120
iid:   358,          5,          3, 	      18319
iid:   359,          4,          3, 	      14942
iid:   360,         16,          3, 	      14314
iid:   361,          7,          3, 	      17948
iid:   362,          5,          2, 	      18286
iid:   363,          2,          2, 	      17735
iid:   364,          2,          3, 	      17267
iid:   365,         20,          3, 	      18360
iid:   366,          4,          2, 	      19234
iid:   367,          2,          2, 	      18910
iid:   368,          2,          3, 	      18571
iid:   369,          9,          3, 	      19039
iid:   370,         17,          5, 	      22589
iid:   371,          3,          3, 	      19577
iid:   372,          9,          2, 	      18085
iid:   373,          2,          3, 	      17382
iid:   374,         12,          5, 	      21832
iid:   375,          2,          4, 	      17718
iid:   376,          8,          3, 	      14409
iid:   377,         14,          6, 	      24834
iid:   378,          4,          3, 	      23883
iid:   379,          2,          5, 	      23413
iid:   380,          6,          3, 	      18399
iid:   381,         19,          4, 	      27073
iid:   382,          2,          3, 	      23744
iid:   383,          2,          4, 	      23392
iid:   384,          9,          2, 	      20975
iid:   385,          2,          3, 	      20543
iid:   386,          3,          3, 	      20302
iid:   387,         24,          3, 	      23892
iid:   388,          2,          5, 	      23600
iid:   389,          4,          3, 	      26333
iid:   390,          2,          3, 	      26068
iid:   391,          2,          2, 	      19136
iid:   392,          2,          3, 	      18049
iid:   393,         15,          4, 	      24323
iid:   394,          7,          4, 	      19762
iid:   395,          3,          4, 	      19684
iid:   396,          3,          3, 	      19130
iid:   397,         14,          3, 	      18579
iid:   398,          8,          2, 	      18598
iid:   399,          2,          3, 	      18360
iid:   400,          9,          3, 	      22084
iid:   401,          3,          4, 	      21842
iid:   402,          3,          3, 	      20752
iid:   403,          5,          3, 	      13233
iid:   404,         18,          3, 	      21613
iid:   405,          2,          5, 	      21249
iid:   406,          3,          3, 	      20585
iid:   407,          2,          3, 	      16609
iid:   408,          7,          3, 	      14022
iid:   409,         11,          3, 	      19364
iid:   410,          9,          3, 	      15652
iid:   411,          5,          3, 	      16619
iid:   412,          6,          2, 	      17135
iid:   413,          2,          3, 	      16756
iid:   414,         17,          2, 	      17579
iid:   415,          2,          2, 	      17197
iid:   416,          2,          3, 	      16826
iid:   417,          9,          2, 	      17816
iid:   418,          2,          3, 	      17431
iid:   419,          3,          3, 	      16954
iid:   420,         18,          4, 	      20751
iid:   421,         10,          3, 	      18648
iid:   422,          3,          2, 	      18583
iid:   423,          4,          3, 	      18520
iid:   424,         10,          3, 	      19548
iid:   425,          3,          2, 	      19767
iid:   426,          3,          3, 	      19649
iid:   427,         13,          2, 	      19837
iid:   428,          2,          3, 	      19258
iid:   429,          3,          3, 	      18664
iid:   430,         10,          3, 	      14825
iid:   431,         13,          3, 	      18083
iid:   432,          4,          2, 	      18399
iid:   433,          2,          3, 	      17321
iid:   434,         16,          3, 	      18482
iid:   435,          3,          3, 	      18222
iid:   436,         14,          3, 	      22724
iid:   437,          4,          2, 	      18613
iid:   438,          2,          2, 	      18328
iid:   439,          2,          3, 	      17773
iid:   440,         17,          5, 	      21578
iid:   441,          3,          3, 	      15692
iid:   442,          7,          2, 	      17002
iid:   443,          2,          3, 	      16391
iid:   444,         22,          2, 	      22945
iid:   445,          2,          3, 	      17049
iid:   446,         31,          4, 	      40490
iid:   447,          2,          7, 	      40324
iid:   448,          4,          4, 	      42385
iid:   449,          2,          6, 	      40567
iid:   450,          2,          5, 	      39871
iid:   451,          5,          4, 	      38062
iid:   452,          3,          4, 	      40782
iid:   453,          3,          5, 	      41293
iid:   454,          3,          4, 	      37966
iid:   455,          3,          4, 	      39923
iid:   456,         16,          4, 	      38257
iid:   457,          7,          5, 	      40209
iid:   458,          3,          3, 	      42215
iid:   459,          2,          3, 	      41930
iid:   460,          2,          5, 	      41654
iid:   461,          3,          5, 	      44631
iid:   462,          3,          4, 	      40223
iid:   463,          2,          5, 	      39716
iid:   464,          4,          4, 	      44058
iid:   465,          3,          5, 	      41167
iid:   466,          8,          6, 	      37423
iid:   467,         14,          4, 	      42175
iid:   468,          4,          4, 	      41920
iid:   469,          3,          3, 	      44695
iid:   470,          2,          6, 	      44497
iid:   471,          4,          4, 	      41240
iid:   472,          3,          6, 	      41133
iid:   473,          4,          4, 	      45536
iid:   474,          3,          3, 	      42913
iid:   475,          2,          5, 	      42239
iid:   476,          6,          5, 	      38781
iid:   477,          9,          6, 	      38174
iid:   478,          8,          4, 	      40583
iid:   479,          5,          6, 	      41166
iid:   480,          4,          4, 	      42159
iid:   481,          4,          6, 	      41030
iid:   482,          3,          4, 	      40814
iid:   483,          3,          4, 	      39596
iid:   484,          4,          3, 	      40324
iid:   485,          2,          5, 	      40179
iid:   486,          5,          6, 	      38692
iid:   487,          8,          5, 	      37976
iid:   488,          8,          6, 	      37676
iid:   489,          7,          4, 	      38904
iid:   490,          5,          7, 	      40389
iid:   491,          4,          5, 	      39000
iid:   492,          4,          3, 	      40147
iid:   493,          2,          4, 	      39859
iid:   494,          4,          5, 	      41020
iid:   495,          3,          4, 	      40229
iid:   496,          4,          5, 	      37754
iid:   497,          6,          5, 	      37700
iid:   498,          7,          6, 	      37884
iid:   499,          8,          4, 	      39651
iid:   500,          4,          5, 	      39516
iid:   501,          4,          5, 	      37689
iid:   502,          6,          6, 	      37797
iid:   503,          4,          5, 	      38706
iid:   504,          5,          4, 	      38923
iid:   505,          3,          4, 	      39341
iid:   506,          3,          5, 	      41304
iid:   507,          4,          5, 	      36762
iid:   508,          8,          6, 	      36623
iid:   509,          8,          6, 	      38180
iid:   510,          5,          4, 	      38469
iid:   511,          3,          6, 	      36764
iid:   512,          8,          4, 	      37306
iid:   513,          3,          6, 	      36863
iid:   514,          6,          5, 	      38298
iid:   515,          3,          5, 	      37783
iid:   516,          4,          4, 	      39057
iid:   517,          3,          5, 	      36447
iid:   518,          6,          5, 	      36610
iid:   519,          7,          6, 	      35091
iid:   520,          5,          4, 	      34033
iid:   521,          5,          6, 	      35981
iid:   522,          4,          4, 	      35106
iid:   523,          6,          6, 	      35677
iid:   524,          6,          6, 	      34022
iid:   525,          5,          5, 	      35196
iid:   526,          4,          4, 	      34575
iid:   527,          5,          4, 	      37969
iid:   528,          4,          5, 	      36587
iid:   529,          5,          6, 	      34288
iid:   530,          6,          4, 	      34512
iid:   531,          5,          6, 	      36408
iid:   532,          4,          4, 	      35236
iid:   533,          6,          6, 	      35073
iid:   534,          6,          5, 	      33995
iid:   535,          3,          7, 	      35774
iid:   536,          3,          4, 	      33930
iid:   537,         13,          4, 	      44119
iid:   538,          3,          8, 	      45275
iid:   539,          8,          4, 	      35106
iid:   540,          3,          3, 	      36672
iid:   541,          2,          5, 	      36398
iid:   542,          4,          5, 	      43207
iid:   543,          3,          3, 	      41133
iid:   544,          2,          4, 	      40710
iid:   545,          3,          4, 	      36060
iid:   546,          9,          4, 	      30427
iid:   547,         11,          4, 	      38159
iid:   548,          3,          3, 	      40852
iid:   549,          2,          6, 	      40467
iid:   550,          2,          3, 	      39214
iid:   551,          2,          4, 	      38907
iid:   552,          8,          4, 	      40997
iid:   553,          4,          3, 	      42090
iid:   554,          2,          3, 	      41696
iid:   555,          2,          6, 	      41382
iid:   556,          4,          4, 	      29448
iid:   557,          6,          4, 	      42198
iid:   558,         10,          4, 	      58600
iid:   559,          3,          3, 	      60168
iid:   560,          2,          4, 	      59778
iid:   561,          2,          5, 	      58947
iid:   562,          4,          4, 	      35531
iid:   563,          8,          5, 	      38294
iid:   564,          3,          3, 	      39323
iid:   565,          2,          3, 	      39072
iid:   566,          2,          4, 	      38648
iid:   567,          6,          6, 	      42716
iid:   568,         10,          4, 	      29269
iid:   569,          5,          4, 	      32785
iid:   570,          4,          3, 	      35606
iid:   571,          2,          3, 	      35372
iid:   572,          2,          6, 	      35194
iid:   573,          7,          4, 	      35776
iid:   574,          3,          4, 	      31650
iid:   575,          3,          3, 	      32988
iid:   576,          2,          5, 	      32750
iid:   577,          6,          5, 	      30466
iid:   578,          4,          5, 	      28331
iid:   579,          5,          5, 	      27999
iid:   580,          9,          6, 	      27268
iid:   581,          3,          3, 	      30835
iid:   582,          2,          5, 	      30546
iid:   583,          6,          5, 	      27171
iid:   584,          7,          4, 	      30622
iid:   585,          4,          3, 	      32883
iid:   586,          2,          5, 	      32738
iid:   587,          3,          4, 	      28942
iid:   588,          6,          5, 	      31090
iid:   589,          3,          5, 	      27627
iid:   590,          5,          5, 	      27700
iid:   591,          6,          4, 	      27301
iid:   592,          5,          6, 	      30148
iid:   593,          7,          7, 	      27829
iid:   594,          3,          4, 	      27477
iid:   595,          9,          5, 	      30294
iid:   596,          5,          3, 	      33523
iid:   597,          2,          5, 	      33251
iid:   598,          3,          4, 	      28318
iid:   599,          6,          5, 	      33449
iid:   600,          3,          6, 	      28462
iid:   601,          6,          5, 	      29623
iid:   602,          5,          5, 	      28469
iid:   603,          4,          4, 	      30106
iid:   604,          3,          4, 	      26941
iid:   605,          7,          4, 	      27023
iid:   606,          8,          4, 	      30133
iid:   607,          6,          5, 	      31941
iid:   608,          2,          5, 	      31143
iid:   609,          5,          4, 	      30103
iid:   610,          3,          5, 	      30031
iid:   611,          6,          4, 	      30939
iid:   612,          3,          6, 	      29026
iid:   613,          5,          4, 	      28432
iid:   614,          4,          5, 	      30636
iid:   615,          5,          5, 	      26858
iid:   616,          6,          4, 	      28986
iid:   617,          6,          4, 	      28699
iid:   618,          7,          7, 	      30172
iid:   619,          5,          4, 	      29530
iid:   620,          2,          5, 	      29033
iid:   621,          3,          4, 	      26000
iid:   622,          9,          6, 	      31063
iid:   623,          3,          4, 	      29119
iid:   624,          3,          5, 	      26894
iid:   625,          5,          5, 	      27782
iid:   626,          6,          6, 	      26384
iid:   627,          5,          5, 	      25842
iid:   628,          5,          5, 	      27661
iid:   629,          8,          6, 	      27412
iid:   630,          5,          3, 	      29145
iid:   631,          2,          5, 	      28873
iid:   632,          6,          5, 	      28155
iid:   633,          4,          4, 	      27539
iid:   634,          5,          5, 	      31554
iid:   635,          3,          4, 	      27656
iid:   636,          4,          5, 	      27016
iid:   637,          6,          4, 	      27116
iid:   638,          4,          5, 	      28490
iid:   639,          5,          4, 	      27889
iid:   640,          7,          5, 	      27778
iid:   641,          3,          5, 	      28626
iid:   642,          7,          4, 	      26774
iid:   643,          5,          5, 	      30355
iid:   644,          3,          4, 	      26389
iid:   645,          7,          5, 	      29986
iid:   646,          4,          5, 	      29209
iid:   647,          4,          4, 	      27765
iid:   648,          5,          5, 	      29734
iid:   649,          5,          6, 	      26656
iid:   650,          6,          4, 	      25938
iid:   651,          3,          5, 	      26808
iid:   652,          6,          4, 	      25085
iid:   653,          8,          4, 	      28311
iid:   654,          5,          8, 	      30396
iid:   655,          3,          4, 	      27056
iid:   656,          8,          5, 	      27247
iid:   657,          4,          3, 	      28226
iid:   658,          2,          4, 	      27889
iid:   659,          5,          6, 	      29045
iid:   660,          5,          4, 	      26892
iid:   661,          4,          5, 	      28837
iid:   662,          8,          5, 	      27698
iid:   663,          3,          5, 	      27749
iid:   664,          7,          5, 	      27347
iid:   665,          4,          5, 	      29559
iid:   666,          4,          4, 	      28700
iid:   667,          5,          4, 	      27625
iid:   668,          4,          6, 	      29434
iid:   669,          6,          5, 	      28386
iid:   670,          4,          4, 	      27233
iid:   671,          4,          5, 	      26425
iid:   672,          5,          4, 	      25758
iid:   673,          5,          5, 	      25809
iid:   674,          5,          4, 	      26342
iid:   675,          6,          5, 	      26831
iid:   676,          5,          4, 	      27298
iid:   677,          7,          3, 	      29890
iid:   678,          2,          5, 	      29774
iid:   679,          7,          3, 	      28160
iid:   680,          2,          5, 	      27805
iid:   681,          5,          4, 	      27479
iid:   682,          6,          4, 	      28414
iid:   683,          6,          7, 	      31345
iid:   684,          4,          4, 	      29157
iid:   685,          4,          5, 	      25806
iid:   686,          4,          4, 	      25457
iid:   687,          6,          4, 	      27730
iid:   688,          7,          4, 	      27521
iid:   689,          5,          4, 	      28941
iid:   690,          2,          5, 	      28440
iid:   691,          8,          5, 	      31327
iid:   692,          3,          4, 	      28328
iid:   693,          3,          6, 	      27500
iid:   694,          7,          5, 	      29216
iid:   695,          3,          4, 	      29441
iid:   696,          3,          4, 	      26852
iid:   697,          5,          4, 	      25484
iid:   698,          6,          4, 	      25081
iid:   699,          8,          6, 	      28493
iid:   700,          3,          5, 	      29175
iid:   701,          6,          4, 	      26556
iid:   702,          6,          5, 	      29537
iid:   703,          2,          5, 	      28034
iid:   704,          7,          4, 	      30486
iid:   705,          3,          5, 	      28424
iid:   706,          5,          4, 	      31949
iid:   707,          3,          5, 	      27103
iid:   708,          9,          6, 	      35340
iid:   709,          5,          3, 	      31283
iid:   710,          2,          6, 	      30669
iid:   711,          8,          5, 	      30503
iid:   712,          3,          4, 	      26809
iid:   713,          6,          8, 	      30828
iid:   714,          3,          4, 	      26215
iid:   715,          6,          4, 	      30903
iid:   716,          3,          3, 	      28075
iid:   717,          2,          4, 	      27406
iid:   718,          6,          4, 	      26164
iid:   719,          7,          5, 	      27660
iid:   720,          3,          5, 	      29676
iid:   721,          7,          5, 	      27619
iid:   722,          4,          5, 	      29168
iid:   723,          6,          6, 	      27463
iid:   724,          3,          4, 	      27262
iid:   725,          7,          4, 	      26784
iid:   726,          4,          3, 	      30378
iid:   727,          2,          5, 	      29481
iid:   728,          5,          6, 	      28625
iid:   729,          6,          5, 	      25698
iid:   730,          4,          5, 	      27494
iid:   731,          5,          4, 	      25224
iid:   732,          5,          4, 	      28300
iid:   733,          4,          4, 	      28169
iid:   734,          6,          6, 	      28415
iid:   735,          4,          4, 	      25913
iid:   736,          6,          5, 	      26601
iid:   737,          5,          4, 	      28247
iid:   738,          4,          6, 	      26805
iid:   739,          4,          4, 	      26871
iid:   740,          6,          6, 	      28233
iid:   741,          7,          6, 	      26973
iid:   742,          4,          5, 	      26786
iid:   743,          6,          5, 	      27148
iid:   744,          5,          5, 	      27065
iid:   745,          5,          5, 	      27014
iid:   746,          4,          5, 	      25844
iid:   747,          6,          5, 	      27948
iid:   748,          3,          4, 	      26420
iid:   749,          6,          5, 	      27492
iid:   750,          6,          5, 	      26906
iid:   751,          4,          5, 	      27376
iid:   752,          6,          5, 	      27521
iid:   753,          3,          4, 	      26572
iid:   754,          6,          5, 	      26617
iid:   755,          4,          4, 	      24919
iid:   756,          6,          6, 	      27382
iid:   757,          8,          4, 	      27140
iid:   758,          4,          3, 	      27732
iid:   759,          2,          6, 	      27337
iid:   760,          5,          4, 	      27381
iid:   761,          5,          6, 	      26574
iid:   762,          5,          4, 	      26062
iid:   763,          6,          5, 	      29060
iid:   764,          6,          5, 	      30463
iid:   765,          3,          4, 	      27849
iid:   766,          4,          5, 	      26999
iid:   767,          7,          4, 	      29205
iid:   768,          5,          5, 	      29321
iid:   769,          4,          5, 	      31380
iid:   770,          5,          4, 	      26784
iid:   771,          5,          6, 	      30490
iid:   772,          3,          4, 	      26329
iid:   773,          6,          4, 	      26181
iid:   774,          7,          3, 	      27317
iid:   775,          2,          4, 	      26841
iid:   776,          5,          5, 	      26373
iid:   777,          6,          5, 	      27040
iid:   778,          5,          5, 	      27186
iid:   779,          6,          4, 	      25187
iid:   780,          7,          4, 	      28466
iid:   781,          4,          3, 	      29506
iid:   782,          2,          6, 	      28820
iid:   783,          7,          4, 	      29098
iid:   784,          5,          4, 	      29606
iid:   785,          2,          4, 	      28894
iid:   786,          3,          5, 	      25625
iid:   787,          5,          4, 	      26935
iid:   788,          5,          5, 	      28573
iid:   789,          5,          5, 	      25481
iid:   790,          5,          4, 	      28500
iid:   791,          8,          4, 	      28490
iid:   792,          4,          7, 	      33337
iid:   793,          3,          4, 	      28769
iid:   794,          8,          4, 	      29566
iid:   795,          4,          3, 	      31271
iid:   796,          2,          6, 	      30901
iid:   797,          5,          5, 	      27494
iid:   798,          4,          4, 	      32441
iid:   799,          3,          4, 	      28216
iid:   800,          8,          4, 	      29152
iid:   801,          9,          5, 	      29418
iid:   802,          3,          3, 	      32930
iid:   803,          2,          6, 	      32828
iid:   804,         10,          4, 	      29689
iid:   805,          4,          6, 	      31075
iid:   806,          2,          3, 	      30279
iid:   807,          2,          4, 	      29969
iid:   808,          5,          4, 	      33628
iid:   809,          3,          5, 	      33100
iid:   810,          5,          5, 	      25620
iid:   811,          5,          5, 	      25877
iid:   812,          4,          4, 	      25513
iid:   813,          6,          5, 	      28113
iid:   814,          4,          4, 	      25144
iid:   815,          8,          4, 	      28570
iid:   816,          4,          5, 	      30867
iid:   817,          2,          5, 	      29979
iid:   818,          6,          4, 	      29250
iid:   819,          4,          5, 	      28940
iid:   820,          5,          4, 	      29787
iid:   821,          3,          5, 	      27678
iid:   822,          5,          5, 	      28118
iid:   823,          5,          5, 	      26704
iid:   824,          5,          5, 	      25299
iid:   825,          9,          4, 	      26367
iid:   826,          3,          3, 	      27879
iid:   827,          2,          6, 	      27513
iid:   828,          7,          4, 	      26632
iid:   829,          5,          5, 	      29725
iid:   830,          3,          4, 	      25701
iid:   831,          7,          6, 	      29723
iid:   832,          5,          4, 	      27585
iid:   833,          4,          5, 	      30274
iid:   834,          3,          4, 	      25894
iid:   835,          9,          4, 	      29111
iid:   836,          3,          3, 	      27896
iid:   837,          2,          5, 	      27588
iid:   838,          6,          5, 	      28058
iid:   839,          7,          5, 	      27560
iid:   840,          3,          4, 	      28055
iid:   841,          7,          6, 	      27366
iid:   842,          4,          4, 	      29644
iid:   843,          4,          4, 	      28058
iid:   844,          4,          5, 	      29530
iid:   845,          5,          4, 	      28108
iid:   846,          6,          4, 	      28578
iid:   847,          6,          5, 	      30639
iid:   848,          3,          6, 	      26524
iid:   849,          7,          4, 	      26707
iid:   850,          5,          5, 	      28894
iid:   851,          3,          5, 	      27496
iid:   852,          6,          5, 	      29706
iid:   853,          4,          4, 	      28763
iid:   854,          4,          5, 	      26979
iid:   855,          8,          5, 	      28336
iid:   856,          3,          5, 	      27478
iid:   857,          6,          5, 	      26443
iid:   858,          3,          4, 	      27283
iid:   859,          6,          5, 	      28313
iid:   860,          6,          5, 	      28789
iid:   861,          6,          6, 	      29148
iid:   862,          5,          5, 	      29330
iid:   863,          3,          4, 	      26069
iid:   864,          6,          6, 	      27630
iid:   865,          5,          4, 	      26194
iid:   866,          5,          6, 	      27550
iid:   867,          6,          5, 	      28769
iid:   868,          6,          4, 	      30909
iid:   869,          4,          7, 	      29263
iid:   870,          7,          5, 	      28223
iid:   871,          5,          3, 	      29148
iid:   872,          2,          5, 	      28736
iid:   873,          6,          5, 	      29537
iid:   874,          3,          5, 	      26852
iid:   875,          5,          4, 	      27854
iid:   876,          4,          5, 	      27190
iid:   877,          5,          4, 	      26433
iid:   878,          5,          5, 	      26901
iid:   879,          5,          5, 	      26824
iid:   880,          5,          4, 	      25000
iid:   881,          7,          4, 	      28352
iid:   882,          6,          6, 	      29764
iid:   883,          4,          4, 	      28198
iid:   884,          2,          5, 	      27507
iid:   885,          6,          4, 	      28633
iid:   886,          4,          6, 	      27158
iid:   887,          5,          4, 	      28138
iid:   888,          4,          5, 	      26516
iid:   889,          5,          5, 	      25865
iid:   890,          5,          5, 	      25845
iid:   891,          8,          4, 	      28958
iid:   892,          7,          3, 	      28910
iid:   893,          2,          4, 	      28781
iid:   894,          5,          8, 	      30276
iid:   895,          7,          4, 	      29786
iid:   896,          3,          5, 	      29152
iid:   897,          3,          5, 	      27278
iid:   898,          7,          4, 	      30517
iid:   899,          3,          5, 	      30097
iid:   900,          4,          5, 	      28635
iid:   901,          6,          6, 	      25851
iid:   902,          4,          4, 	      25189
iid:   903,          8,          4, 	      28773
iid:   904,          3,          5, 	      30637
iid:   905,          8,          4, 	      27231
iid:   906,          6,          5, 	      30174
iid:   907,          2,          4, 	      29381
iid:   908,          4,          4, 	      29296
iid:   909,          2,          4, 	      28655
iid:   910,          4,          5, 	      26041
iid:   911,          5,          5, 	      27025
iid:   912,          5,          5, 	      26677
iid:   913,          7,          4, 	      27272
iid:   914,          4,          6, 	      27432
iid:   915,          4,          4, 	      25621
iid:   916,          6,          5, 	      27832
iid:   917,          5,          5, 	      30217
iid:   918,          5,          5, 	      27569
iid:   919,          5,          4, 	      27404
iid:   920,          4,          5, 	      30920
iid:   921,          4,          4, 	      27345
iid:   922,          5,          6, 	      29297
iid:   923,          6,          5, 	      26963
iid:   924,          5,          5, 	      28157
iid:   925,          4,          5, 	      27312
iid:   926,          5,          4, 	      26966
iid:   927,          6,          5, 	      27886
iid:   928,          7,          4, 	      26376
iid:   929,          5,          6, 	      29370
iid:   930,          3,          4, 	      27240
iid:   931,          7,          5, 	      30348
iid:   932,          4,          5, 	      30148
iid:   933,          3,          4, 	      27163
iid:   934,          6,          5, 	      28881
iid:   935,          6,          4, 	      27529
iid:   936,          3,          5, 	      26591
iid:   937,          5,          5, 	      26817
iid:   938,          7,          5, 	      27384
iid:   939,          4,          5, 	      26956
iid:   940,          7,          6, 	      27238
iid:   941,          4,          4, 	      27447
iid:   942,          5,          5, 	      26584
iid:   943,          6,          4, 	      28236
iid:   944,          3,          6, 	      27709
iid:   945,          6,          5, 	      26780
iid:   946,          4,          4, 	      28211
iid:   947,          4,          5, 	      27370
iid:   948,          7,          4, 	      28104
iid:   949,          5,          6, 	      28816
iid:   950,          5,          4, 	      27593
iid:   951,          3,          5, 	      26687
iid:   952,          6,          5, 	      28212
iid:   953,          6,          5, 	      27042
iid:   954,          3,          4, 	      26357
iid:   955,          9,          4, 	      28661
iid:   956,          4,          3, 	      28861
iid:   957,          3,          6, 	      28414
iid:   958,          5,          5, 	      27028
iid:   959,          5,          5, 	      27016
iid:   960,          6,          5, 	      28291
iid:   961,          6,          6, 	      31188
iid:   962,          4,          4, 	      29168
iid:   963,          3,          4, 	      25356
iid:   964,          6,          6, 	      29579
iid:   965,          5,          4, 	      28847
iid:   966,          5,          5, 	      28157
iid:   967,          5,          5, 	      29649
iid:   968,          4,          4, 	      27939
iid:   969,          5,          6, 	      28329
iid:   970,          7,          5, 	      27784
iid:   971,          3,          5, 	      26246
iid:   972,          6,          5, 	      26397
iid:   973,          3,          4, 	      26963
iid:   974,          7,          5, 	      27696
iid:   975,          4,          5, 	      27196
iid:   976,          5,          4, 	      27974
iid:   977,          6,          5, 	      27773
iid:   978,          6,          5, 	      29516
iid:   979,          3,          5, 	      26709
iid:   980,          7,          5, 	      26824
iid:   981,          3,          5, 	      28281
iid:   982,          4,          4, 	      25839
iid:   983,          6,          6, 	      27914
iid:   984,          6,          4, 	      26867
iid:   985,          4,          6, 	      27112
iid:   986,          6,          5, 	      27079
iid:   987,          5,          6, 	      28293
iid:   988,         10,          4, 	      33090
iid:   989,          5,          5, 	      34518
iid:   990,          2,          4, 	      31157
iid:   991,          2,          5, 	      28621
iid:   992,          7,          4, 	      32743
iid:   993,          3,          6, 	      30825
iid:   994,          3,          4, 	      27317
iid:   995,          7,          5, 	      30950
iid:   996,          4,          4, 	      27757
iid:   997,          4,          5, 	      29994
iid:   998,          5,          5, 	      26309
iid:   999,          9,          6, 	      26922
iid:  1000,          3,          3, 	      29025
iid:  1001,          2,          5, 	      28597
iid:  1002,          7,          4, 	      27188
iid:  1003,          7,          5, 	      30681
iid:  1004,          4,          5, 	      32474
iid:  1005,          3,          3, 	      29502
iid:  1006,          3,          5, 	      29120
iid:  1007,          5,          4, 	      31694
iid:  1008,          3,          5, 	      29863
iid:  1009,          5,          5, 	      26372
iid:  1010,          6,          4, 	      26018
iid:  1011,          4,          6, 	      27190
iid:  1012,          4,          4, 	      27364
iid:  1013,          6,          6, 	      28593
iid:  1014,          8,          4, 	      26911
iid:  1015,          6,          7, 	      29865
iid:  1016,          4,          3, 	      30325
iid:  1017,          2,          5, 	      28383
iid:  1018,          5,          4, 	      30701
iid:  1019,          3,          5, 	      28533
iid:  1020,          7,          4, 	      27956
iid:  1021,          4,          6, 	      27466
iid:  1022,          4,          4, 	      26760
iid:  1023,          5,          5, 	      28611
iid:  1024,          5,          5, 	      26953
iid:  1025,          9,          4, 	      28959
iid:  1026,          3,          5, 	      28416
iid:  1027,          2,          4, 	      27980
iid:  1028,          6,          4, 	      27414
iid:  1029,          6,          5, 	      29786
iid:  1030,          3,          5, 	      27647
iid:  1031,          6,          5, 	      28309
iid:  1032,          3,          4, 	      27090
iid:  1033,          5,          4, 	      27138
iid:  1034,          5,          5, 	      28575
iid:  1035,          5,          4, 	      25578
iid:  1036,          6,          3, 	      27997
iid:  1037,          2,          5, 	      27577
iid:  1038,          6,          5, 	      28976
iid:  1039,          7,          5, 	      28641
iid:  1040,          3,          5, 	      29719
iid:  1041,          8,          3, 	      28578
iid:  1042,          2,          5, 	      28356
iid:  1043,          3,          4, 	      26374
iid:  1044,          6,          5, 	      28940
iid:  1045,          5,          6, 	      26983
iid:  1046,          6,          5, 	      26504
iid:  1047,          3,          4, 	      26621
iid:  1048,          6,          5, 	      27098
iid:  1049,          5,          5, 	      27399
iid:  1050,          5,          5, 	      26771
iid:  1051,          7,          4, 	      26733
iid:  1052,          5,          4, 	      29502
iid:  1053,          2,          5, 	      28901
iid:  1054,          6,          4, 	      30379
iid:  1055,          3,          6, 	      26664
iid:  1056,          4,          4, 	      25562
iid:  1057,          5,          4, 	      27256
iid:  1058,          6,          5, 	      26406
iid:  1059,          5,          4, 	      25844
iid:  1060,          3,          4, 	      26654
iid:  1061,          6,          4, 	      27741
iid:  1062,          7,          4, 	      27021
iid:  1063,          5,          7, 	      29608
iid:  1064,          5,          4, 	      26097
iid:  1065,          3,          5, 	      27512
iid:  1066,          6,          4, 	      28585
iid:  1067,          3,          5, 	      26442
iid:  1068,          4,          4, 	      25613
iid:  1069,          7,          4, 	      26517
iid:  1070,          4,          5, 	      27346
iid:  1071,          7,          4, 	      27788
iid:  1072,          5,          7, 	      27264
iid:  1073,          4,          4, 	      27966
iid:  1074,          7,          6, 	      27633
iid:  1075,          3,          4, 	      29722
iid:  1076,          7,          5, 	      27815
iid:  1077,          6,          4, 	      32659
iid:  1078,          3,          6, 	      28851
iid:  1079,          5,          4, 	      27385
iid:  1080,          5,          6, 	      26813
iid:  1081,          8,          4, 	      30244
iid:  1082,          3,          6, 	      29793
iid:  1083,          5,          5, 	      27347
iid:  1084,          4,          5, 	      28417
iid:  1085,          4,          4, 	      27234
iid:  1086,          8,          8, 	      31428
iid:  1087,          9,          4, 	      28658
iid:  1088,          4,          3, 	      30700
iid:  1089,          2,          3, 	      30494
iid:  1090,          2,          7, 	      30259
iid:  1091,          8,          5, 	      31058
iid:  1092,          4,          4, 	      30551
iid:  1093,          3,          5, 	      26365
iid:  1094,          3,          4, 	      26810
iid:  1095,          6,          5, 	      30135
iid:  1096,          3,          4, 	      25978
iid:  1097,          6,          4, 	      25656
iid:  1098,         10,          4, 	      28929
iid:  1099,          3,          3, 	      30388
iid:  1100,          2,          8, 	      30137
iid:  1101,          9,          4, 	      28024
iid:  1102,          6,          3, 	      31202
iid:  1103,          2,          5, 	      30743
iid:  1104,          2,          4, 	      29820
iid:  1105,          3,          3, 	      26850
iid:  1106,          2,          5, 	      26558
iid:  1107,          5,          4, 	      25451
iid:  1108,          6,          4, 	      26019
iid:  1109,          6,          3, 	      27600
iid:  1110,          2,          5, 	      27323
iid:  1111,          6,          5, 	      27206
iid:  1112,          6,          4, 	      26768
iid:  1113,          6,          3, 	      28696
iid:  1114,          2,          4, 	      28398
iid:  1115,          4,          3, 	      32495
iid:  1116,          2,          5, 	      32088
iid:  1117,          3,          4, 	      26834
iid:  1118,          7,          4, 	      28702
iid:  1119,          5,          5, 	      28719
iid:  1120,          4,          4, 	      30071
iid:  1121,          3,          4, 	      26121
iid:  1122,          6,          4, 	      28039
iid:  1123,          7,          4, 	      27919
iid:  1124,          3,          6, 	      29089
iid:  1125,          7,          4, 	      27664
iid:  1126,          5,          3, 	      30840
iid:  1127,          2,          6, 	      30480
iid:  1128,          6,          5, 	      29465
iid:  1129,          3,          5, 	      27329
iid:  1130,          6,          4, 	      27095
iid:  1131,          3,          5, 	      27721
iid:  1132,          6,          6, 	      26706
iid:  1133,          5,          4, 	      25981
iid:  1134,          4,          5, 	      27980
iid:  1135,          7,          4, 	      27790
iid:  1136,          6,          5, 	      27069
iid:  1137,          2,          4, 	      26237
iid:  1138,          7,          5, 	      27808
iid:  1139,          3,          5, 	      28571
iid:  1140,          6,          5, 	      27746
iid:  1141,          5,          4, 	      29559
iid:  1142,          4,          6, 	      27164
iid:  1143,          5,          4, 	      27401
iid:  1144,          3,          4, 	      26682
iid:  1145,          6,          4, 	      25477
iid:  1146,          5,          4, 	      25981
iid:  1147,          5,          6, 	      27899
iid:  1148,          4,          4, 	      25605
iid:  1149,          6,          5, 	      26997
iid:  1150,          6,          5, 	      26297
iid:  1151,          6,          3, 	      27770
iid:  1152,          2,          5, 	      27595
iid:  1153,          6,          4, 	      27217
iid:  1154,          4,          6, 	      28612
iid:  1155,          6,          5, 	      27860
iid:  1156,          4,          5, 	      27099
iid:  1157,          6,          5, 	      26735
iid:  1158,          3,          4, 	      26838
iid:  1159,          5,          5, 	      27973
iid:  1160,          5,          4, 	      28282
iid:  1161,         13,          4, 	      37977
iid:  1162,          4,          6, 	      37784
iid:  1163,          5,          5, 	      34749
iid:  1164,          3,          5, 	      32542
iid:  1165,          3,          5, 	      29588
iid:  1166,          7,          6, 	      34230
iid:  1167,          3,          5, 	      29970
iid:  1168,          3,          4, 	      29190
iid:  1169,          3,          4, 	      26278
iid:  1170,         10,          4, 	      31647
iid:  1171,         12,          4, 	      29363
iid:  1172,          3,          3, 	      31021
iid:  1173,          2,          3, 	      30753
iid:  1174,          2,          4, 	      30534
iid:  1175,          2,          4, 	      30026
iid:  1176,          7,          4, 	      29205
iid:  1177,          3,          3, 	      29871
iid:  1178,          2,          3, 	      29581
iid:  1179,          2,          4, 	      29563
iid:  1180,          5,          4, 	      25663
iid:  1181,          6,          4, 	      31387
iid:  1182,          9,          5, 	      28720
iid:  1183,          3,          3, 	      31524
iid:  1184,          2,          4, 	      31282
iid:  1185,          2,          4, 	      30337
iid:  1186,          7,          4, 	      29140
iid:  1187,          4,          3, 	      29101
iid:  1188,          2,          3, 	      29017
iid:  1189,          2,          5, 	      28893
iid:  1190,          4,          4, 	      29034
iid:  1191,          6,          4, 	      25059
iid:  1192,          6,          4, 	      25531
iid:  1193,          8,          4, 	      27184
iid:  1194,          3,          5, 	      28894
iid:  1195,          2,          4, 	      27969
iid:  1196,          8,          4, 	      26632
iid:  1197,          4,          3, 	      29173
iid:  1198,          2,          4, 	      29042
iid:  1199,          2,          4, 	      28859
iid:  1200,          5,          5, 	      31632
iid:  1201,          3,          4, 	      25294
iid:  1202,          5,          4, 	      25775
iid:  1203,          9,          4, 	      28439
iid:  1204,          4,          3, 	      27347
iid:  1205,          2,          6, 	      26989
iid:  1206,          4,          4, 	      25058
iid:  1207,          8,          4, 	      28613
iid:  1208,          6,          4, 	      31568
iid:  1209,          2,          5, 	      31007
iid:  1210,          3,          4, 	      26244
iid:  1211,          2,          4, 	      25682
iid:  1212,          5,          5, 	      30074
iid:  1213,          7,          4, 	      28369
iid:  1214,          4,          3, 	      28542
iid:  1215,          2,          5, 	      28105
iid:  1216,          5,          5, 	      26957
iid:  1217,          6,          4, 	      26914
iid:  1218,          8,          4, 	      28411
iid:  1219,          4,          4, 	      31508
iid:  1220,          2,          3, 	      30886
iid:  1221,          2,          4, 	      30572
iid:  1222,          4,          5, 	      26671
iid:  1223,          9,          4, 	      28009
iid:  1224,          3,          4, 	      27092
iid:  1225,          2,          4, 	      26454
iid:  1226,          4,          4, 	      28932
iid:  1227,          5,          4, 	      25369
iid:  1228,          7,          4, 	      26069
iid:  1229,          4,          4, 	      25415
iid:  1230,          8,          4, 	      27702
iid:  1231,          3,          3, 	      28948
iid:  1232,          2,          6, 	      28675
iid:  1233,          7,          4, 	      29230
iid:  1234,          3,          4, 	      27084
iid:  1235,          2,          4, 	      26299
iid:  1236,          6,          5, 	      29710
iid:  1237,          3,          4, 	      25224
iid:  1238,          5,          4, 	      25424
iid:  1239,          7,          6, 	      25573
iid:  1240,          7,          5, 	      25730
iid:  1241,          4,          3, 	      26852
iid:  1242,          2,          5, 	      26594
iid:  1243,          4,          4, 	      25365
iid:  1244,          7,          4, 	      27482
iid:  1245,          3,          5, 	      28530
iid:  1246,          6,          5, 	      27328
iid:  1247,          5,          4, 	      30069
iid:  1248,          3,          5, 	      26900
iid:  1249,          5,          5, 	      27799
iid:  1250,          5,          4, 	      27899
iid:  1251,          6,          4, 	      27959
iid:  1252,          6,          6, 	      30505
iid:  1253,          3,          5, 	      27240
iid:  1254,          6,          4, 	      27684
iid:  1255,          3,          4, 	      27433
iid:  1256,          7,          4, 	      28601
iid:  1257,          4,          4, 	      25199
iid:  1258,          5,          4, 	      26685
iid:  1259,          5,          5, 	      26418
iid:  1260,          5,          4, 	      26495
iid:  1261,          6,          6, 	      27888
iid:  1262,          7,          5, 	      26837
iid:  1263,          3,          5, 	      27647
iid:  1264,          6,          5, 	      27365
iid:  1265,          6,          5, 	      29313
iid:  1266,          3,          5, 	      27538
iid:  1267,          6,          4, 	      27038
iid:  1268,          5,          4, 	      28315
iid:  1269,          4,          6, 	      30525
iid:  1270,          5,          4, 	      27841
iid:  1271,          5,          6, 	      26784
iid:  1272,          6,          5, 	      26054
iid:  1273,          3,          4, 	      26718
iid:  1274,          6,          4, 	      24898
iid:  1275,          7,          4, 	      28706
iid:  1276,          6,          6, 	      31345
iid:  1277,          3,          5, 	      27433
iid:  1278,          6,          5, 	      28054
iid:  1279,          3,          5, 	      28662
iid:  1280,          6,          4, 	      28143
iid:  1281,          4,          6, 	      27971
iid:  1282,          6,          4, 	      27156
iid:  1283,          3,          5, 	      27021
iid:  1284,          5,          5, 	      26489
iid:  1285,          9,          5, 	      27705
iid:  1286,          3,          6, 	      27662
iid:  1287,          6,          4, 	      27434
iid:  1288,          6,          6, 	      30495
iid:  1289,          3,          4, 	      26815
iid:  1290,          7,          5, 	      26782
iid:  1291,          6,          6, 	      29463
iid:  1292,          4,          4, 	      27347
iid:  1293,          3,          4, 	      27645
iid:  1294,          5,          6, 	      28714
iid:  1295,          5,          4, 	      27253
iid:  1296,          4,          5, 	      26581
iid:  1297,          6,          4, 	      25347
iid:  1298,          6,          4, 	      27459
iid:  1299,          4,          6, 	      28327
iid:  1300,          7,          5, 	      27447
iid:  1301,          3,          5, 	      27588
iid:  1302,          6,          5, 	      27203
iid:  1303,          3,          4, 	      26623
iid:  1304,          6,          6, 	      27117
iid:  1305,          6,          4, 	      28970
iid:  1306,          3,          5, 	      28500
iid:  1307,          6,          6, 	      25904
iid:  1308,          8,          5, 	      27451
iid:  1309,          3,          3, 	      27760
iid:  1310,          2,          4, 	      27413
iid:  1311,          7,          5, 	      29442
iid:  1312,          8,          4, 	      28110
iid:  1313,          3,          5, 	      29321
iid:  1314,          2,          4, 	      29020
iid:  1315,          7,          4, 	      27846
iid:  1316,          5,          4, 	      30513
iid:  1317,          3,          5, 	      26277
iid:  1318,          5,          4, 	      26362
iid:  1319,          6,          4, 	      28799
iid:  1320,          4,          5, 	      31380
iid:  1321,          3,          4, 	      26909
iid:  1322,          6,          4, 	      25876
iid:  1323,          6,          5, 	      26609
iid:  1324,          6,          6, 	      28852
iid:  1325,          3,          4, 	      25808
iid:  1326,          6,          4, 	      26410
iid:  1327,          4,          6, 	      28435
iid:  1328,          5,          4, 	      27491
iid:  1329,          5,          6, 	      28111
iid:  1330,          6,          5, 	      26421
iid:  1331,          5,          4, 	      28287
iid:  1332,          4,          6, 	      26528
iid:  1333,          8,          4, 	      26069
iid:  1334,          3,          3, 	      27084
iid:  1335,          2,          5, 	      26686
iid:  1336,          7,          5, 	      28483
iid:  1337,          3,          4, 	      27092
iid:  1338,          6,          6, 	      28518
iid:  1339,          6,          5, 	      27692
iid:  1340,          4,          5, 	      26750
iid:  1341,          5,          4, 	      27634
iid:  1342,          5,          6, 	      26744
iid:  1343,          7,          4, 	      27567
iid:  1344,          5,          4, 	      29078
iid:  1345,          2,          5, 	      28378
iid:  1346,          5,          6, 	      28608
iid:  1347,          4,          4, 	      26592
iid:  1348,          6,          5, 	      28592
iid:  1349,          5,          5, 	      26870
iid:  1350,          6,          5, 	      29012
iid:  1351,          4,          4, 	      27804
iid:  1352,          4,          5, 	      29586
iid:  1353,          5,          4, 	      27747
iid:  1354,          7,          5, 	      28236
iid:  1355,          3,          5, 	      28683
iid:  1356,          7,          3, 	      26712
iid:  1357,          2,          5, 	      26383
iid:  1358,          4,          4, 	      26793
iid:  1359,          6,          6, 	      26742
iid:  1360,          6,          4, 	      26749
iid:  1361,          4,          5, 	      27956
iid:  1362,          4,          5, 	      28147
iid:  1363,          6,          6, 	      26072
iid:  1364,          5,          4, 	      27753
iid:  1365,          8,          4, 	      28235
iid:  1366,          4,          3, 	      29797
iid:  1367,          2,          5, 	      29589
iid:  1368,          6,          4, 	      29989
iid:  1369,          3,          6, 	      29216
iid:  1370,          8,          5, 	      28704
iid:  1371,          3,          5, 	      28454
iid:  1372,          3,          4, 	      26666
iid:  1373,          4,          4, 	      25882
iid:  1374,          5,          4, 	      25607
iid:  1375,          6,          4, 	      25406
iid:  1376,          8,          7, 	      27988
iid:  1377,          3,          4, 	      28286
iid:  1378,          7,          6, 	      27302
iid:  1379,          6,          5, 	      28986
iid:  1380,          4,          5, 	      27838
iid:  1381,          4,          4, 	      28229
iid:  1382,          3,          4, 	      25391
iid:  1383,          5,          5, 	      27893
iid:  1384,          5,          5, 	      27553
iid:  1385,          6,          6, 	      26269
iid:  1386,          8,          5, 	      26863
iid:  1387,          3,          3, 	      26509
iid:  1388,          2,          4, 	      26210
iid:  1389,          6,          5, 	      28182
iid:  1390,          6,          4, 	      28014
iid:  1391,          7,          4, 	      28059
iid:  1392,          5,          3, 	      30250
iid:  1393,          2,          5, 	      29952
iid:  1394,          3,          4, 	      26228
iid:  1395,          6,          6, 	      28737
iid:  1396,          4,          4, 	      25492
iid:  1397,          6,          4, 	      28543
iid:  1398,          5,          5, 	      31069
iid:  1399,          3,          5, 	      27050
iid:  1400,          8,          5, 	      27765
iid:  1401,          3,          5, 	      26285
iid:  1402,          7,          4, 	      26835
iid:  1403,          4,          4, 	      29775
iid:  1404,          2,          4, 	      29182
iid:  1405,          5,          6, 	      29176
iid:  1406,          4,          4, 	      27416
iid:  1407,          7,          7, 	      27513
iid:  1408,          7,          5, 	      27426
iid:  1409,          4,          5, 	      28225
iid:  1410,          5,          4, 	      29191
iid:  1411,          3,          5, 	      27238
iid:  1412,          6,          4, 	      25320
iid:  1413,          8,          4, 	      28797
iid:  1414,          4,          3, 	      31950
iid:  1415,          2,          6, 	      31639
iid:  1416,          6,          4, 	      29802
iid:  1417,          3,          6, 	      29262
iid:  1418,          7,          6, 	      28113
iid:  1419,          3,          4, 	      27332
iid:  1420,          6,          4, 	      27025
iid:  1421,          3,          5, 	      27235
iid:  1422,          5,          5, 	      26419
iid:  1423,          5,          4, 	      25268
iid:  1424,          7,          6, 	      28536
iid:  1425,          4,          5, 	      29531
iid:  1426,          5,          4, 	      26318
iid:  1427,          8,          4, 	      30308
iid:  1428,          3,          3, 	      28830
iid:  1429,          2,          6, 	      28418
iid:  1430,          8,          5, 	      33653
iid:  1431,          3,          4, 	      33384
iid:  1432,          3,          5, 	      29063
iid:  1433,          5,          5, 	      26180
iid:  1434,          5,          4, 	      28628
iid:  1435,          7,          6, 	      31181
iid:  1436,         12,          4, 	      30876
iid:  1437,          3,          3, 	      33759
iid:  1438,          2,          7, 	      33325
iid:  1439,          2,          5, 	      32339
iid:  1440,          9,          4, 	      29618
iid:  1441,          3,          4, 	      29420
iid:  1442,          2,          4, 	      28859
iid:  1443,          4,          3, 	      30059
iid:  1444,          2,          5, 	      27814
iid:  1445,          4,          4, 	      30534
iid:  1446,          5,          4, 	      25298
iid:  1447,          9,          6, 	      26306
iid:  1448,          3,          3, 	      27228
iid:  1449,          2,          4, 	      27035
iid:  1450,          5,          4, 	      25782
iid:  1451,          8,          5, 	      28795
iid:  1452,          4,          3, 	      30623
iid:  1453,          2,          3, 	      30472
iid:  1454,          2,          4, 	      30327
iid:  1455,          5,          5, 	      31356
iid:  1456,          3,          4, 	      25743
iid:  1457,          6,          4, 	      27938
iid:  1458,          6,          4, 	      27824
iid:  1459,          4,          5, 	      28924
iid:  1460,          5,          6, 	      28892
iid:  1461,          4,          4, 	      25714
iid:  1462,          9,          4, 	      28231
iid:  1463,          3,          3, 	      29750
iid:  1464,          2,          7, 	      29619
iid:  1465,          7,          4, 	      29323
iid:  1466,          3,          5, 	      29858
iid:  1467,          5,          6, 	      26038
iid:  1468,          7,          4, 	      27482
iid:  1469,          4,          3, 	      28446
iid:  1470,          2,          5, 	      28051
iid:  1471,          6,          6, 	      30924
iid:  1472,          4,          4, 	      25865
iid:  1473,          8,          3, 	      29371
iid:  1474,          2,          6, 	      29047
iid:  1475,          5,          4, 	      26562
iid:  1476,          6,          4, 	      29773
iid:  1477,          3,          6, 	      29303
iid:  1478,          7,          4, 	      34016
iid:  1479,          4,          3, 	      28560
iid:  1480,          2,          6, 	      28150
iid:  1481,          6,          5, 	      27595
iid:  1482,          3,          4, 	      27787
iid:  1483,          5,          4, 	      26177
iid:  1484,          7,          6, 	      28001
iid:  1485,          3,          4, 	      27086
iid:  1486,          5,          4, 	      26647
iid:  1487,          4,          5, 	      27119
iid:  1488,          7,          4, 	      28075
iid:  1489,          4,          3, 	      26725
iid:  1490,          2,          5, 	      26227
iid:  1491,          6,          5, 	      26811
iid:  1492,          7,          4, 	      27547
iid:  1493,          3,          6, 	      27011
iid:  1494,          8,          5, 	      27707
iid:  1495,          3,          5, 	      27274
iid:  1496,          6,          4, 	      27316
iid:  1497,          3,          5, 	      27675
iid:  1498,          5,          4, 	      27600
iid:  1499,          6,          5, 	      27448
iid:  1500,          4,          4, 	      28051
iid:  1501,          5,          6, 	      29354
iid:  1502,          6,          4, 	      26310
iid:  1503,          4,          6, 	      28266
iid:  1504,          4,          4, 	      26456
iid:  1505,          6,          6, 	      27988
iid:  1506,          6,          5, 	      26726
iid:  1507,          6,          5, 	      29976
iid:  1508,          3,          5, 	      27208
iid:  1509,          6,          5, 	      26658
iid:  1510,          4,          5, 	      27278
iid:  1511,          6,          5, 	      27976
iid:  1512,          3,          4, 	      26349
iid:  1513,          6,          5, 	      28076
iid:  1514,          5,          4, 	      27712
iid:  1515,          4,          5, 	      27819
iid:  1516,          6,          4, 	      26137
iid:  1517,          7,          4, 	      27936
iid:  1518,          3,          6, 	      28930
iid:  1519,          7,          5, 	      27999
iid:  1520,          3,          5, 	      28662
iid:  1521,          7,          5, 	      27528
iid:  1522,          7,          5, 	      30191
iid:  1523,          3,          6, 	      27374
iid:  1524,          3,          4, 	      26739
iid:  1525,          5,          5, 	      28509
iid:  1526,          6,          6, 	      25662
iid:  1527,          5,          4, 	      25873
iid:  1528,          5,          6, 	      28221
iid:  1529,          5,          4, 	      25502
iid:  1530,          7,          5, 	      27265
iid:  1531,          3,          5, 	      27168
iid:  1532,          6,          5, 	      26712
iid:  1533,          5,          3, 	      27627
iid:  1534,          2,          4, 	      27353
iid:  1535,          7,          4, 	      28154
iid:  1536,          4,          6, 	      27600
iid:  1537,          6,          4, 	      27320
iid:  1538,          4,          6, 	      27526
iid:  1539,          6,          5, 	      26863
iid:  1540,          4,          4, 	      27410
iid:  1541,          4,          5, 	      26334
iid:  1542,          8,          4, 	      28452
iid:  1543,          4,          4, 	      27370
iid:  1544,          2,          5, 	      26691
iid:  1545,          6,          4, 	      27578
iid:  1546,          3,          5, 	      26272
iid:  1547,          7,          4, 	      27146
iid:  1548,          4,          6, 	      28152
iid:  1549,          4,          4, 	      26869
iid:  1550,          5,          5, 	      27256
iid:  1551,          5,          5, 	      26877
iid:  1552,          7,          4, 	      28740
iid:  1553,          5,          4, 	      28377
iid:  1554,          2,          5, 	      28158
iid:  1555,          8,          5, 	      28170
iid:  1556,          3,          6, 	      27902
iid:  1557,          6,          5, 	      27051
iid:  1558,          4,          5, 	      28551
iid:  1559,          6,          5, 	      28967
iid:  1560,          3,          4, 	      26788
iid:  1561,          4,          4, 	      25329
iid:  1562,          6,          5, 	      25639
iid:  1563,          4,          4, 	      25195
iid:  1564,          6,          4, 	      26845
iid:  1565,          7,          5, 	      26804
iid:  1566,          3,          4, 	      28303
iid:  1567,          8,          6, 	      27918
iid:  1568,          3,          5, 	      29616
iid:  1569,          7,          4, 	      26512
iid:  1570,          3,          4, 	      27700
iid:  1571,          2,          4, 	      27044
iid:  1572,          7,          6, 	      29115
iid:  1573,          3,          4, 	      25322
iid:  1574,          6,          6, 	      27726
iid:  1575,          6,          4, 	      27270
iid:  1576,          5,          6, 	      28043
iid:  1577,          3,          4, 	      25420
iid:  1578,          6,          6, 	      27182
iid:  1579,          8,          4, 	      26125
iid:  1580,          3,          5, 	      27481
iid:  1581,          2,          4, 	      26685
iid:  1582,          6,          5, 	      26675
iid:  1583,          4,          5, 	      26916
iid:  1584,          6,          4, 	      27522
iid:  1585,          4,          6, 	      27930
iid:  1586,          7,          4, 	      27539
iid:  1587,          3,          6, 	      27109
iid:  1588,          4,          4, 	      25256
iid:  1589,          7,          4, 	      28291
iid:  1590,          6,          3, 	      27428
iid:  1591,          2,          6, 	      27016
iid:  1592,          6,          4, 	      27407
iid:  1593,          3,          5, 	      25659
iid:  1594,          5,          4, 	      26550
iid:  1595,          5,          4, 	      25362
iid:  1596,          6,          5, 	      26532
iid:  1597,          4,          4, 	      25445
iid:  1598,          5,          5, 	      28595
iid:  1599,          5,          4, 	      27846
iid:  1600,          7,          4, 	      27939
iid:  1601,          5,          7, 	      30945
iid:  1602,          5,          4, 	      27403
iid:  1603,          6,          5, 	      31428
iid:  1604,          4,          5, 	      27245
iid:  1605,          4,          5, 	      28443
iid:  1606,          5,          4, 	      29499
iid:  1607,          3,          5, 	      27532
iid:  1608,          5,          5, 	      26945
iid:  1609,          5,          4, 	      25200
iid:  1610,          6,          5, 	      28579
iid:  1611,          5,          4, 	      25419
iid:  1612,          6,          6, 	      27805
iid:  1613,          8,          6, 	      30453
iid:  1614,          6,          3, 	      29501
iid:  1615,          2,          5, 	      29235
iid:  1616,          6,          4, 	      29312
iid:  1617,          3,          4, 	      29198
iid:  1618,          3,          6, 	      26137
iid:  1619,          6,          6, 	      29138
iid:  1620,          6,          4, 	      27898
iid:  1621,          3,          5, 	      27552
iid:  1622,          5,          5, 	      27377
iid:  1623,          5,          4, 	      28408
iid:  1624,          8,          4, 	      28367
iid:  1625,          3,          7, 	      28753
iid:  1626,          7,          4, 	      26824
iid:  1627,          4,          4, 	      28411
iid:  1628,          2,          5, 	      27729
iid:  1629,          4,          4, 	      26081
iid:  1630,          7,          4, 	      27997
iid:  1631,          4,          5, 	      28462
iid:  1632,          4,          5, 	      26555
iid:  1633,          4,          4, 	      25535
iid:  1634,          6,          4, 	      25414
iid:  1635,          6,          5, 	      27132
iid:  1636,          5,          4, 	      25701
iid:  1637,          6,          4, 	      27287
iid:  1638,          5,          5, 	      29630
iid:  1639,          5,          5, 	      28707
iid:  1640,          6,          5, 	      30226
iid:  1641,          3,          4, 	      27946
iid:  1642,          3,          5, 	      27339
iid:  1643,          5,          5, 	      26891
iid:  1644,          6,          4, 	      26906
iid:  1645,          4,          5, 	      26724
iid:  1646,          5,          4, 	      26872
iid:  1647,          6,          5, 	      28152
iid:  1648,          7,          3, 	      26381
iid:  1649,          2,          4, 	      26137
iid:  1650,          8,          5, 	      28270
iid:  1651,          4,          4, 	      29722
iid:  1652,          5,          4, 	      27526
iid:  1653,          5,          6, 	      31392
iid:  1654,          4,          4, 	      27192
iid:  1655,          4,          5, 	      27162
iid:  1656,          6,          4, 	      27525
iid:  1657,          4,          5, 	      28128
iid:  1658,          4,          4, 	      25598
iid:  1659,          6,          6, 	      27270
iid:  1660,          5,          4, 	      25724
iid:  1661,          7,          4, 	      28273
iid:  1662,          5,          7, 	      29451
iid:  1663,          5,          4, 	      27800
iid:  1664,          4,          4, 	      27008
iid:  1665,          5,          6, 	      30660
iid:  1666,          4,          5, 	      26824
iid:  1667,          6,          5, 	      27778
iid:  1668,          4,          4, 	      27096
iid:  1669,          4,          5, 	      28056
iid:  1670,          6,          6, 	      26053
iid:  1671,          4,          4, 	      25377
iid:  1672,          6,          5, 	      27985
iid:  1673,          7,          6, 	      26199
iid:  1674,          4,          4, 	      29110
iid:  1675,          6,          5, 	      27297
iid:  1676,          3,          5, 	      27186
iid:  1677,          6,          5, 	      27100
iid:  1678,          5,          5, 	      29898
iid:  1679,          4,          4, 	      29141
iid:  1680,          6,          7, 	      27818
iid:  1681,          4,          4, 	      26863
iid:  1682,          6,          6, 	      27593
iid:  1683,          7,          5, 	      27406
iid:  1684,          3,          5, 	      27509
iid:  1685,          6,          4, 	      26294
iid:  1686,          4,          6, 	      27312
iid:  1687,          5,          5, 	      28514
iid:  1688,          7,          5, 	      30223
iid:  1689,          3,          5, 	      28553
iid:  1690,          6,          4, 	      29482
iid:  1691,          3,          5, 	      27410
iid:  1692,          5,          4, 	      27430
iid:  1693,          7,          6, 	      29496
iid:  1694,          4,          4, 	      27390
iid:  1695,          6,          5, 	      26702
iid:  1696,          3,          4, 	      28151
iid:  1697,          6,          4, 	      27050
iid:  1698,          7,          6, 	      27205
iid:  1699,          6,          4, 	      30364
iid:  1700,          4,          5, 	      29320
iid:  1701,          3,          5, 	      28350
iid:  1702,          6,          4, 	      29015
iid:  1703,          5,          6, 	      30328
iid:  1704,          5,          5, 	      27686
iid:  1705,          4,          5, 	      27904
iid:  1706,          5,          4, 	      28548
iid:  1707,          4,          5, 	      27093
iid:  1708,          8,          4, 	      27407
iid:  1709,          3,          6, 	      27930
iid:  1710,          6,          4, 	      26982
iid:  1711,          6,          4, 	      28453
iid:  1712,          6,          6, 	      31012
iid:  1713,          3,          5, 	      26919
iid:  1714,          7,          5, 	      27409
iid:  1715,          4,          4, 	      28067
iid:  1716,          6,          4, 	      28968
iid:  1717,          3,          6, 	      28304
iid:  1718,          5,          4, 	      28286
iid:  1719,          3,          4, 	      26527
iid:  1720,          9,          4, 	      25908
iid:  1721,          3,          6, 	      27651
iid:  1722,          5,          5, 	      26022
iid:  1723,          5,          5, 	      28005
iid:  1724,          7,          6, 	      27639
iid:  1725,          3,          4, 	      28031
iid:  1726,          7,          5, 	      28513
iid:  1727,          6,          5, 	      31875
iid:  1728,          3,          4, 	      27351
iid:  1729,          5,          6, 	      30773
iid:  1730,          3,          4, 	      26491
iid:  1731,          7,          4, 	      28158
iid:  1732,          3,          5, 	      28921
iid:  1733,          6,          6, 	      27123
iid:  1734,          6,          4, 	      27502
iid:  1735,          4,          6, 	      29220
iid:  1736,          5,          4, 	      26538
iid:  1737,          7,          6, 	      28641
iid:  1738,          5,          5, 	      29482
iid:  1739,          3,          4, 	      25575
iid:  1740,          6,          5, 	      28575
iid:  1741,          6,          6, 	      27925
iid:  1742,          5,          5, 	      29544
iid:  1743,          4,          5, 	      26557
iid:  1744,          6,          4, 	      27813
iid:  1745,          4,          5, 	      28659
iid:  1746,          6,          7, 	      27958
iid:  1747,          4,          4, 	      25006
iid:  1748,          7,          4, 	      27959
iid:  1749,          3,          5, 	      29160
iid:  1750,          6,          5, 	      27374
iid:  1751,          6,          5, 	      29796
iid:  1752,          3,          5, 	      27018
iid:  1753,          6,          4, 	      28851
iid:  1754,          4,          6, 	      27356
iid:  1755,          4,          4, 	      27677
iid:  1756,          5,          5, 	      28350
iid:  1757,          6,          6, 	      25300
iid:  1758,          5,          4, 	      25723
iid:  1759,          7,          6, 	      30665
iid:  1760,          6,          5, 	      29828
iid:  1761,          4,          5, 	      28505
iid:  1762,          3,          4, 	      27893
iid:  1763,          5,          5, 	      28475
iid:  1764,          7,          5, 	      35786
iid:  1765,          5,          6, 	      35791
iid:  1766,          3,          4, 	      26817
iid:  1767,          7,          5, 	      28348
iid:  1768,          7,          7, 	      30163
iid:  1769,          3,          3, 	      26449
iid:  1770,          2,          4, 	      26270
iid:  1771,          6,          5, 	      28682
iid:  1772,          4,          4, 	      30487
iid:  1773,          4,          5, 	      26851
iid:  1774,          5,          4, 	      26513
iid:  1775,          7,          7, 	      28492
iid:  1776,          6,          5, 	      28048
iid:  1777,          4,          5, 	      27057
iid:  1778,          7,          4, 	      28391
iid:  1779,          3,          3, 	      26778
iid:  1780,          2,          5, 	      26363
iid:  1781,          7,          5, 	      29252
iid:  1782,          4,          4, 	      26182
iid:  1783,          5,          6, 	      29968
iid:  1784,          5,          4, 	      27031
iid:  1785,          3,          4, 	      26379
iid:  1786,          9,          4, 	      26539
iid:  1787,          3,          6, 	      28933
iid:  1788,          8,          4, 	      28327
iid:  1789,          5,          4, 	      31173
iid:  1790,          2,          6, 	      30597
iid:  1791,          3,          4, 	      25727
iid:  1792,          7,          4, 	      29432
iid:  1793,          3,          5, 	      29339
iid:  1794,          7,          4, 	      29317
iid:  1795,          3,          6, 	      29049
iid:  1796,          6,          4, 	      31334
iid:  1797,          6,          5, 	      33271
iid:  1798,          3,          6, 	      27518
iid:  1799,          4,          4, 	      25344
iid:  1800,          7,          6, 	      28038
iid:  1801,          5,          4, 	      29555
iid:  1802,          3,          5, 	      26134
iid:  1803,          8,          4, 	      29426
iid:  1804,          4,          4, 	      28369
iid:  1805,          6,          5, 	      30634
iid:  1806,          3,          6, 	      25909
iid:  1807,          4,          4, 	      25339
iid:  1808,          6,          6, 	      29180
iid:  1809,          6,          5, 	      27480
iid:  1810,          4,          5, 	      28403
iid:  1811,          6,          4, 	      27713
iid:  1812,          4,          6, 	      28199
iid:  1813,          7,          6, 	      27010
iid:  1814,          4,          4, 	      29810
iid:  1815,          5,          5, 	      27925
iid:  1816,          4,          5, 	      27854
iid:  1817,          6,          5, 	      27135
iid:  1818,          4,          5, 	      27081
iid:  1819,          6,          4, 	      27985
iid:  1820,          4,          6, 	      27543
iid:  1821,          5,          4, 	      27908
iid:  1822,          4,          5, 	      26863
iid:  1823,          6,          5, 	      26829
iid:  1824,          5,          5, 	      27970
iid:  1825,          6,          5, 	      26348
iid:  1826,          5,          5, 	      28880
iid:  1827,          5,          4, 	      29652
iid:  1828,          3,          5, 	      28327
iid:  1829,          8,          5, 	      27647
iid:  1830,          3,          5, 	      27458
iid:  1831,          6,          4, 	      26754
iid:  1832,          4,          6, 	      27278
iid:  1833,          5,          4, 	      27616
iid:  1834,          6,          6, 	      29102
iid:  1835,          5,          5, 	      26023
iid:  1836,          6,          5, 	      29162
iid:  1837,          6,          5, 	      29911
iid:  1838,          3,          5, 	      26822
iid:  1839,          7,          5, 	      28035
iid:  1840,          3,          5, 	      29040
iid:  1841,          6,          5, 	      27025
iid:  1842,          5,          4, 	      29457
iid:  1843,          3,          5, 	      27344
iid:  1844,          4,          4, 	      25541
iid:  1845,          6,          4, 	      27428
iid:  1846,          6,          6, 	      29113
iid:  1847,          7,          4, 	      26754
i