iid:     9,          4,          4, 	      29087
iid:    10,          6,          5, 	      40401
iid:    11,         10,          5, 	      52220
iid:    12,          4,          5, 	      63758
iid:    13,          5,          4, 	      68122
iid:    14,          2,          4, 	      66775
iid:    15,         18,          4, 	      87708
iid:    16,          3,          3, 	      89556
iid:    17,          2,          3, 	      88789
iid:    18,          2,         10, 	      88391
iid:    19,          5,          4, 	      25722
iid:    20,         10,          7, 	      25303
iid:    21,         13,          5, 	      26449
iid:    22,         13,          4, 	      25532
iid:    23,          8,          3, 	      29627
iid:    24,          2,          4, 	      28525
iid:    25,          5,          5, 	      27516
iid:    26,         11,          5, 	      26521
iid:    27,          4,          4, 	      25374
iid:    28,          5,          4, 	      25640
iid:    29,          7,          3, 	      30609
iid:    30,          2,          5, 	      29801
iid:    31,          3,          7, 	      27930
iid:    32,         14,          6, 	      26897
iid:    33,          8,          4, 	      26306
iid:    34,          6,          5, 	      31673
iid:    35,          4,          5, 	      32090
iid:    36,          7,          5, 	      27882
iid:    37,          5,          4, 	      26944
iid:    38,          6,          5, 	      26314
iid:    39,         12,          4, 	      26767
iid:    40,          4,          3, 	      31657
iid:    41,          2,          6, 	      31513
iid:    42,          7,          7, 	      28063
iid:    43,         19,          5, 	      34025
iid:    44,          4,          4, 	      31768
iid:    45,          6,          4, 	      34048
iid:    46,          2,          5, 	      27054
iid:    47,          7,          4, 	      28310
iid:    48,          3,          4, 	      26780
iid:    49,          8,          5, 	      25570
iid:    50,         12,          4, 	      25687
iid:    51,         10,          6, 	      33210
iid:    52,          8,          8, 	      32054
iid:    53,          8,          5, 	      24937
iid:    54,         13,          4, 	      25506
iid:    55,          7,          4, 	      26167
iid:    56,          8,          3, 	      31376
iid:    57,          2,          5, 	      30738
iid:    58,          4,          5, 	      31926
iid:    59,          7,          5, 	      29358
iid:    60,          9,          6, 	      27368
iid:    61,          7,          4, 	      25433
iid:    62,         14,          6, 	      30048
iid:    63,          4,          5, 	      26286
iid:    64,         12,          5, 	      25660
iid:    65,          8,          5, 	      25577
iid:    66,          7,          4, 	      25322
iid:    67,         12,          4, 	      30020
iid:    68,          4,          7, 	      31321
iid:    69,          3,          5, 	      27628
iid:    70,          8,          5, 	      25389
iid:    71,         12,          5, 	      25383
iid:    72,         10,          4, 	      26201
iid:    73,          9,          7, 	      28410
iid:    74,          4,          5, 	      25414
iid:    75,         18,          5, 	      27731
iid:    76,          5,          5, 	      25681
iid:    77,         14,          4, 	      25911
iid:    78,          4,          4, 	      26325
iid:    79,          5,          6, 	      29771
iid:    80,          3,          4, 	      26410
iid:    81,         17,          6, 	      26573
iid:    82,          8,          6, 	      25303
iid:    83,         15,          5, 	      25618
iid:    84,          6,          7, 	      28325
iid:    85,         16,          6, 	      27272
iid:    86,          7,          7, 	      25561
iid:    87,          4,          5, 	      25139
iid:    88,          6,          7, 	      24995
iid:    89,         15,          7, 	      25762
iid:    90,          5,          5, 	      28571
iid:    91,          4,          9, 	      26707
iid:    92,          4,          9, 	      20349
iid:    93,         18,          7, 	      25656
iid:    94,          5,         11, 	      20842
iid:    95,          6,          5, 	      16502
iid:    96,          3,          5, 	      16750
iid:    97,          8,          5, 	      15765
iid:    98,          7,          9, 	      17308
iid:    99,         13,          9, 	      16171
iid:   100,          5,          7, 	      16407
iid:   101,          6,          7, 	      15735
iid:   102,         14,          9, 	      20286
iid:   103,         10,          5, 	      15512
iid:   104,          4,          7, 	      16694
iid:   105,          7,          5, 	      15917
iid:   106,          5,          6, 	      16820
iid:   107,         11,         12, 	      18405
iid:   108,         14,          5, 	      16916
iid:   109,          6,          7, 	      15774
iid:   110,          4,          9, 	      16967
iid:   111,          8,          5, 	      15491
iid:   112,         11,          9, 	      15683
iid:   113,          7,          7, 	      15500
iid:   114,          6,          7, 	      16282
iid:   115,         13,          5, 	      15973
iid:   116,          5,          7, 	      17931
iid:   117,          3,          9, 	      16744
iid:   118,         20,          5, 	      18553
iid:   119,          3,          7, 	      18171
iid:   120,          6,          7, 	      17705
iid:   121,          3,          7, 	      16983
iid:   122,         10,          5, 	      15549
iid:   123,          7,          9, 	      15906
iid:   124,          9,          9, 	      15609
iid:   125,         12,          7, 	      15606
iid:   126,          7,          5, 	      16366
iid:   127,          3,         10, 	      16538
iid:   128,         24,          5, 	      16550
iid:   129,          4,          7, 	      18274
iid:   130,          5,          5, 	      20430
iid:   131,          2,          5, 	      20131
iid:   132,          5,          5, 	      17460
iid:   133,          9,          5, 	      16728
iid:   134,          6,          9, 	      18498
iid:   135,         10,          7, 	      15772
iid:   136,          8,          7, 	      16089
iid:   137,          5,         10, 	      15620
iid:   138,         16,          7, 	      15598
iid:   139,          8,          5, 	      15503
iid:   140,          7,          5, 	      16719
iid:   141,          5,          4, 	      16694
iid:   142,          2,          5, 	      16473
iid:   143,          8,          5, 	      15940
iid:   144,          7,          9, 	      18010
iid:   145,         10,          5, 	      16515
iid:   146,          6,          9, 	      15766
iid:   147,          7,         11, 	      16005
iid:   148,         17,          5, 	      16547
iid:   149,          5,          7, 	      16647
iid:   150,         10,          6, 	      15773
iid:   151,          9,          5, 	      17878
iid:   152,          6,          5, 	      18653
iid:   153,          4,          5, 	      18766
iid:   154,          6,          9, 	      16325
iid:   155,          9,          6, 	      18496
iid:   156,          6,          7, 	      18149
iid:   157,          9,         14, 	      17252
iid:   158,         17,          7, 	      16856
iid:   159,          3,          5, 	      17394
iid:   160,          4,          5, 	      15536
iid:   161,         17,          5, 	      16518
iid:   162,          7,          4, 	      17774
iid:   163,          2,          5, 	      17362
iid:   164,          5,          7, 	      18781
iid:   165,          4,          9, 	      17001
iid:   166,         10,          5, 	      20932
iid:   167,          7,         13, 	      16863
iid:   168,         16,          9, 	      15901
iid:   169,          4,          5, 	      15519
iid:   170,          4,          5, 	      16921
iid:   171,         14,          5, 	      16872
iid:   172,          8,          7, 	      15951
iid:   173,          6,          4, 	      18521
iid:   174,          2,          5, 	      17597
iid:   175,          4,         10, 	      17972
iid:   176,         14,          5, 	      17145
iid:   177,          9,         14, 	      21742
iid:   178,         10,          7, 	      15935
iid:   179,         12,          7, 	      16156
iid:   180,          7,          5, 	      17117
iid:   181,          4,          5, 	      15816
iid:   182,          7,          7, 	      15963
iid:   183,          7,          5, 	      16050
iid:   184,          6,          5, 	      18033
iid:   185,          7,         13, 	      19267
iid:   186,         14,          7, 	      15676
iid:   187,          6,          9, 	      15903
iid:   188,          8,          7, 	      15835
iid:   189,         14,          5, 	      16235
iid:   190,          4,          7, 	      16613
iid:   191,          8,          5, 	      15990
iid:   192,          4,          7, 	      15708
iid:   193,          7,          5, 	      15542
iid:   194,          7,          5, 	      15954
iid:   195,          8,         13, 	      16187
iid:   196,          8,          7, 	      16174
iid:   197,         23,          9, 	      28420
iid:   198,          5,          8, 	      26051
iid:   199,          4,          4, 	      21052
iid:   200,          2,          4, 	      19906
iid:   201,          2,          5, 	      17682
iid:   202,         20,          5, 	      26523
iid:   203,          3,          6, 	      25585
iid:   204,          4,          6, 	      22246
iid:   205,          2,          9, 	      21076
iid:   206,          3,          5, 	      15636
iid:   207,         20,          5, 	      15886
iid:   208,          5,          5, 	      16641
iid:   209,          4,          5, 	      16418
iid:   210,          5,          5, 	      18907
iid:   211,          6,          5, 	      19653
iid:   212,         10,          7, 	      16190
iid:   213,         10,          7, 	      16457
iid:   214,          7,          7, 	      16209
iid:   215,          5,          4, 	      17418
iid:   216,          2,         11, 	      17292
iid:   217,         16,          5, 	      15986
iid:   218,          6,          5, 	      17190
iid:   219,          4,          6, 	      15681
iid:   220,         10,          5, 	      18695
iid:   221,          6,          4, 	      19657
iid:   222,          2,          5, 	      16240
iid:   223,          8,          8, 	      15993
iid:   224,          8,          9, 	      15917
iid:   225,          7,          5, 	      15835
iid:   226,          6,         11, 	      17569
iid:   227,         18,          5, 	      16855
iid:   228,          8,          5, 	      17023
iid:   229,          3,          5, 	      17285
iid:   230,          5,          5, 	      17055
iid:   231,          8,          5, 	      17213
iid:   232,          4,          5, 	      18188
iid:   233,         15,          7, 	      21549
iid:   234,          5,          7, 	      19451
iid:   235,          7,          7, 	      19618
iid:   236,          3,         11, 	      19033
iid:   237,         16,          5, 	      15767
iid:   238,         12,          5, 	      16658
iid:   239,          6,          5, 	      17695
iid:   240,          6,          4, 	      19346
iid:   241,          2,          5, 	      17720
iid:   242,          4,          7, 	      17500
iid:   243,          7,          5, 	      15535
iid:   244,          8,          5, 	      16416
iid:   245,          7,          7, 	      16182
iid:   246,          6,         13, 	      16436
iid:   247,         19,          6, 	      16461
iid:   248,         11,          5, 	      15889
iid:   249,          7,          5, 	      15646
iid:   250,          7,          5, 	      17642
iid:   251,          5,          4, 	      18844
iid:   252,          2,          5, 	      18645
iid:   253,          7,          7, 	      17677
iid:   254,          6,          5, 	      17836
iid:   255,          6,          5, 	      17713
iid:   256,          5,         13, 	      18296
iid:   257,         22,          5, 	      17278
iid:   258,          5,          5, 	      16001
iid:   259,          5,          5, 	      16377
iid:   260,          9,          5, 	      15873
iid:   261,          9,          5, 	      16073
iid:   262,         12,          7, 	      19761
iid:   263,          4,          4, 	      20565
iid:   264,          2,          5, 	      19472
iid:   265,          6,          7, 	      20754
iid:   266,          6,         14, 	      22234
iid:   267,         20,          8, 	      15924
iid:   268,          6,          5, 	      15967
iid:   269,          4,          5, 	      16904
iid:   270,          6,          6, 	      16930
iid:   271,          8,          7, 	      15932
iid:   272,          8,          5, 	      15722
iid:   273,         13,          4, 	      17877
iid:   274,          2,          7, 	      17427
iid:   275,          4,          9, 	      16856
iid:   276,          7,         10, 	      18139
iid:   277,         15,          7, 	      16041
iid:   278,          9,          5, 	      16167
iid:   279,          8,          5, 	      17675
iid:   280,          3,          5, 	      19655
iid:   281,          4,          7, 	      17277
iid:   282,          9,          7, 	      16109
iid:   283,         14,          5, 	      16399
iid:   284,          7,          4, 	      17851
iid:   285,          2,          7, 	      17530
iid:   286,          4,         11, 	      16181
iid:   287,         15,          9, 	      16042
iid:   288,          6,          5, 	      15792
iid:   289,         12,          8, 	      16061
iid:   290,          9,          5, 	      16526
iid:   291,          5,          4, 	      17938
iid:   292,          3,          7, 	      17636
iid:   293,         10,          7, 	      15823
iid:   294,          7,          5, 	      16524
iid:   295,          9,          6, 	      18770
iid:   296,          4,         11, 	      19553
iid:   297,         10,          7, 	      15771
iid:   298,         11,          9, 	      17476
iid:   299,          6,          7, 	      15709
iid:   300,          9,          5, 	      17016
iid:   301,         10,          5, 	      15601
iid:   302,          6,          4, 	      20822
iid:   303,          2,          9, 	      19424
iid:   304,          6,          5, 	      15699
iid:   305,         11,          5, 	      15973
iid:   306,          4,          9, 	      17974
iid:   307,          7,         10, 	      15789
iid:   308,         16,          5, 	      16029
iid:   309,          7,          7, 	      17725
iid:   310,          5,          5, 	      15975
iid:   311,         11,          5, 	      17035
iid:   312,          8,          5, 	      15710
iid:   313,          8,          7, 	      18583
iid:   314,          7,          8, 	      19552
iid:   315,          6,          5, 	      16860
iid:   316,          4,          9, 	      15723
iid:   317,          8,         12, 	      15900
iid:   318,         18,          7, 	      15957
iid:   319,          5,          5, 	      16413
iid:   320,         10,          5, 	      16111
iid:   321,          8,          5, 	      18243
iid:   322,          5,          7, 	      16787
iid:   323,          7,          5, 	      15977
iid:   324,          7,          7, 	      17109
iid:   325,          6,          5, 	      17305
iid:   326,          7,          7, 	      17868
iid:   327,          6,         13, 	      16077
iid:   328,         18,          7, 	      15756
iid:   329,          5,          5, 	      15943
iid:   330,          9,          5, 	      16100
iid:   331,         13,          5, 	      15936
iid:   332,          6,          7, 	      18858
iid:   333,          7,          4, 	      18927
iid:   334,          2,          7, 	      16944
iid:   335,          5,          5, 	      16695
iid:   336,          3,          7, 	      15986
iid:   337,          7,         10, 	      16074
iid:   338,         22,          7, 	      16764
iid:   339,          5,          5, 	      15838
iid:   340,          5,          6, 	      16127
iid:   341,          8,          5, 	      16058
iid:   342,         10,          7, 	      16223
iid:   343,         10,          5, 	      15762
iid:   344,          7,          7, 	      19776
iid:   345,          7,          4, 	      23786
iid:   346,          2,          7, 	      22709
iid:   347,          3,         11, 	      18775
iid:   348,         18,          9, 	      15916
iid:   349,          7,          5, 	      16950
iid:   350,          3,          5, 	      17242
iid:   351,          7,          5, 	      15712
iid:   352,          8,          7, 	      16731
iid:   353,          4,          5, 	      16275
iid:   354,         11,         11, 	      16168
iid:   355,         14,          5, 	      16124
iid:   356,          4,          4, 	      17720
iid:   357,          2,         11, 	      17223
iid:   358,         13,          9, 	      15868
iid:   359,         12,          5, 	      16214
iid:   360,          6,          4, 	      17335
iid:   361,          2,          6, 	      16568
iid:   362,          8,          7, 	      15609
iid:   363,          7,          5, 	      17313
iid:   364,          7,         10, 	      15627
iid:   365,         13,          7, 	      15811
iid:   366,          5,          5, 	      16096
iid:   367,          4,          9, 	      17372
iid:   368,         16,          9, 	      16430
iid:   369,          9,          7, 	      15808
iid:   370,          5,          5, 	      16139
iid:   371,          8,          5, 	      18212
iid:   372,          5,          5, 	      16875
iid:   373,          4,          7, 	      16388
iid:   374,          6,          9, 	      16675
iid:   375,         20,          7, 	      16225
iid:   376,          4,          7, 	      16323
iid:   377,          3,          9, 	      16571
iid:   378,         16,          9, 	      16333
iid:   379,          4,          7, 	      15521
iid:   380,          6,          5, 	      15765
iid:   381,         15,          5, 	      15901
iid:   382,          6,          5, 	      19063
iid:   383,          5,          6, 	      19935
iid:   384,          2,          9, 	      18299
iid:   385,         13,          5, 	      16694
iid:   386,          5,          7, 	      17811
iid:   387,          4,         10, 	      17851
iid:   388,         18,          5, 	      15759
iid:   389,          3,         10, 	      17506
iid:   390,          5,          6, 	      16393
iid:   391,          9,          7, 	      15522
iid:   392,         11,          7, 	      15827
iid:   393,          9,          5, 	      18296
iid:   394,          3,          9, 	      19015
iid:   395,          9,          9, 	      16598
iid:   396,         14,          7, 	      15921
iid:   397,          7,          4, 	      20897
iid:   398,          2,          7, 	      18533
iid:   399,          8,          5, 	      15707
iid:   400,         10,          4, 	      22088
iid:   401,          2,          7, 	      18312
iid:   402,          7,          7, 	      15989
iid:   403,          6,          7, 	      15945
iid:   404,         10,          5, 	      15870
iid:   405,          7,         11, 	      16998
iid:   406,          9,          7, 	      15832
iid:   407,         12,          5, 	      16891
iid:   408,          5,          8, 	      18144
iid:   409,          6,          7, 	      18110
iid:   410,         15,          6, 	      16890
iid:   411,          7,          5, 	      18119
iid:   412,          4,          7, 	      19253
iid:   413,          4,          9, 	      17403
iid:   414,          9,          5, 	      16024
iid:   415,         11,         11, 	      16152
iid:   416,         10,          9, 	      16326
iid:   417,         12,          7, 	      15791
iid:   418,          4,          5, 	      15854
iid:   419,          4,          7, 	      17570
iid:   420,         19,          5, 	      16156
iid:   421,          5,          4, 	      18469
iid:   422,          2,          7, 	      18131
iid:   423,          5,          9, 	      16950
iid:   424,          5,          5, 	      15813
iid:   425,          8,          7, 	      15934
iid:   426,          9,         11, 	      16033
iid:   427,         14,          7, 	      16121
iid:   428,          4,          5, 	      16812
iid:   429,          5,          7, 	      17381
iid:   430,         11,          7, 	      16793
iid:   431,         14,          5, 	      16122
iid:   432,          8,          7, 	      18633
iid:   433,          5,          7, 	      19087
iid:   434,          2,          6, 	      17550
iid:   435,          5,          7, 	      15870
iid:   436,          7,         10, 	      15845
iid:   437,         15,          7, 	      15565
iid:   438,          7,          7, 	      16064
iid:   439,          5,          5, 	      15833
iid:   440,         11,          7, 	      15844
iid:   441,         10,          7, 	      15976
iid:   442,          8,          7, 	      16490
iid:   443,          7,          5, 	      17250
iid:   444,          4,          5, 	      18572
iid:   445,          4,          7, 	      17315
iid:   446,          6,          9, 	      15915
iid:   447,         17,         11, 	      16206
iid:   448,          7,          7, 	      16066
iid:   449,          6,          5, 	      15898
iid:   450,         13,          6, 	      26503
iid:   451,          3,          5, 	      25683
iid:   452,          3,          5, 	      25419
iid:   453,          8,          4, 	      26871
iid:   454,          4,          3, 	      26865
iid:   455,          3,          4, 	      26633
iid:   456,          3,          5, 	      25951
iid:   457,          6,          6, 	      26970
iid:   458,          4,          5, 	      26899
iid:   459,          3,          7, 	      25242
iid:   460,         12,          5, 	      33608
iid:   461,          3,          5, 	      30290
iid:   462,          3,          5, 	      26352
iid:   463,          3,          4, 	      24887
iid:   464,          4,          4, 	      25359
iid:   465,          3,          3, 	      27441
iid:   466,          2,          4, 	      27215
iid:   467,         11,          4, 	      25196
iid:   468,          4,          7, 	      34481
iid:   469,          4,          8, 	      36574
iid:   470,         13,          4, 	      26412
iid:   471,          3,          3, 	      29080
iid:   472,          2,          3, 	      28618
iid:   473,          2,          4, 	      28224
iid:   474,          3,          5, 	      27532
iid:   475,          3,          5, 	      25616
iid:   476,          5,          5, 	      28418
iid:   477,          3,          5, 	      25487
iid:   478,          9,          7, 	      25834
iid:   479,          5,          6, 	      30876
iid:   480,         11,          5, 	      25323
iid:   481,          5,          4, 	      26159
iid:   482,          3,          3, 	      27885
iid:   483,          2,          4, 	      27465
iid:   484,          3,          3, 	      29173
iid:   485,          2,          3, 	      28666
iid:   486,          2,          5, 	      28309
iid:   487,          3,          5, 	      25094
iid:   488,          8,          7, 	      25469
iid:   489,          8,          5, 	      30898
iid:   490,          4,          5, 	      25256
iid:   491,         10,          4, 	      25246
iid:   492,          3,          4, 	      25082
iid:   493,          3,          4, 	      26848
iid:   494,          4,          4, 	      25754
iid:   495,          4,          4, 	      29282
iid:   496,          4,          3, 	      30526
iid:   497,          2,          7, 	      30088
iid:   498,          4,          8, 	      25360
iid:   499,         12,          6, 	      30836
iid:   500,          3,          5, 	      29016
iid:   501,          6,          4, 	      24796
iid:   502,          3,          4, 	      25812
iid:   503,          6,          4, 	      25233
iid:   504,          4,          4, 	      25448
iid:   505,          5,          4, 	      24997
iid:   506,          4,          4, 	      27960
iid:   507,          4,          4, 	      30882
iid:   508,          3,         11, 	      32140
iid:   509,         14,          4, 	      27555
iid:   510,          4,          5, 	      31003
iid:   511,          3,          5, 	      29627
iid:   512,          5,          4, 	      27379
iid:   513,          4,          5, 	      27685
iid:   514,          3,          4, 	      26783
iid:   515,          6,          4, 	      25066
iid:   516,          5,          5, 	      25564
iid:   517,          4,          4, 	      26117
iid:   518,          5,         11, 	      27593
iid:   519,         11,          5, 	      27204
iid:   520,          4,          4, 	      25420
iid:   521,          4,          5, 	      28359
iid:   522,          4,          4, 	      28787
iid:   523,          5,          3, 	      29164
iid:   524,          2,          4, 	      27705
iid:   525,          3,          4, 	      25591
iid:   526,          5,          4, 	      25224
iid:   527,          5,          6, 	      27025
iid:   528,          4,          9, 	      25561
iid:   529,         14,          5, 	      27261
iid:   530,          3,          6, 	      27796
iid:   531,          3,          4, 	      25561
iid:   532,          4,          4, 	      25588
iid:   533,          5,          4, 	      25660
iid:   534,          6,          3, 	      29136
iid:   535,          2,          4, 	      28752
iid:   536,          4,          4, 	      28204
iid:   537,          3,          5, 	      25534
iid:   538,          5,         10, 	      29050
iid:   539,         13,          4, 	      25334
iid:   540,          3,          4, 	      25461
iid:   541,          5,          5, 	      28708
iid:   542,          3,          3, 	      30093
iid:   543,          2,          4, 	      26261
iid:   544,          5,          4, 	      25382
iid:   545,          4,          4, 	      26730
iid:   546,          3,          4, 	      26184
iid:   547,          5,          6, 	      25421
iid:   548,          7,         10, 	      27458
iid:   549,         11,          5, 	      25539
iid:   550,          4,          4, 	      25218
iid:   551,          5,          5, 	      26174
iid:   552,          4,          4, 	      26028
iid:   553,          3,          4, 	      27255
iid:   554,          3,          4, 	      26928
iid:   555,          6,          4, 	      26752
iid:   556,          3,          4, 	      26966
iid:   557,          4,          7, 	      25360
iid:   558,          9,         10, 	      26518
iid:   559,          9,          4, 	      25444
iid:   560,          4,          4, 	      25189
iid:   561,          5,          5, 	      27007
iid:   562,          4,          4, 	      26313
iid:   563,          3,          4, 	      27176
iid:   564,          3,          4, 	      27030
iid:   565,          5,          4, 	      26946
iid:   566,          3,          4, 	      26983
iid:   567,          6,          7, 	      27547
iid:   568,          9,          9, 	      27110
iid:   569,          8,          5, 	      27286
iid:   570,          5,          5, 	      25691
iid:   571,          4,          5, 	      25246
iid:   572,          5,          4, 	      26488
iid:   573,          3,          4, 	      27803
iid:   574,          5,          4, 	      28149
iid:   575,          4,          3, 	      27744
iid:   576,          2,          4, 	      25812
iid:   577,          4,          7, 	      25328
iid:   578,          9,          9, 	      30429
iid:   579,          8,          4, 	      25732
iid:   580,          3,          4, 	      27429
iid:   581,          4,          4, 	      25724
iid:   582,          7,          4, 	      27436
iid:   583,          3,          5, 	      27857
iid:   584,          3,          3, 	      29136
iid:   585,          2,          4, 	      28146
iid:   586,          3,          4, 	      28319
iid:   587,          6,          8, 	      32674
iid:   588,         10,          7, 	      27498
iid:   589,          6,          4, 	      25869
iid:   590,          4,          6, 	      26695
iid:   591,          5,          4, 	      28144
iid:   592,          6,          4, 	      25345
iid:   593,          4,          5, 	      26738
iid:   594,          4,          4, 	      25859
iid:   595,          3,          3, 	      27217
iid:   596,          2,          6, 	      26700
iid:   597,          6,          7, 	      26417
iid:   598,          8,          6, 	      25977
iid:   599,          6,          4, 	      25699
iid:   600,          4,          5, 	      25443
iid:   601,          5,          4, 	      26197
iid:   602,          6,          4, 	      25611
iid:   603,          4,          5, 	      27120
iid:   604,          3,          4, 	      25314
iid:   605,          4,          4, 	      25564
iid:   606,          4,          6, 	      29321
iid:   607,          6,          6, 	      26275
iid:   608,         10,          7, 	      27979
iid:   609,          4,          6, 	      25782
iid:   610,          6,          5, 	      30337
iid:   611,          3,          4, 	      28760
iid:   612,          5,          4, 	      25817
iid:   613,          6,          5, 	      25740
iid:   614,          4,          4, 	      28875
iid:   615,          4,          5, 	      30651
iid:   616,          4,          4, 	      25656
iid:   617,          4,          8, 	      26820
iid:   618,         10,          5, 	      27409
iid:   619,          5,          7, 	      28026
iid:   620,          4,          4, 	      26546
iid:   621,          4,          3, 	      27868
iid:   622,          2,          4, 	      25981
iid:   623,          6,          4, 	      25674
iid:   624,          5,          5, 	      26585
iid:   625,          6,          5, 	      27429
iid:   626,          4,          4, 	      28627
iid:   627,          3,          9, 	      31814
iid:   628,         11,          5, 	      25776
iid:   629,          5,          5, 	      27101
iid:   630,          3,          4, 	      26416
iid:   631,          4,          3, 	      27393
iid:   632,          2,          5, 	      26953
iid:   633,          5,          4, 	      25508
iid:   634,          6,          5, 	      27357
iid:   635,          4,          5, 	      25449
iid:   636,          5,          6, 	      28240
iid:   637,          6,          5, 	      28867
iid:   638,          6,          6, 	      27216
iid:   639,          6,          4, 	      25478
iid:   640,          5,          5, 	      27291
iid:   641,          3,          4, 	      25275
iid:   642,          4,          4, 	      27196
iid:   643,          4,          5, 	      28604
iid:   644,          7,          5, 	      25871
iid:   645,          5,          5, 	      25730
iid:   646,          7,          7, 	      27942
iid:   647,          4,          7, 	      27511
iid:   648,          8,          5, 	      27662
iid:   649,          4,          4, 	      25521
iid:   650,          4,          5, 	      26042
iid:   651,          5,          4, 	      29344
iid:   652,          3,          3, 	      30973
iid:   653,          2,          5, 	      27082
iid:   654,          5,          4, 	      25647
iid:   655,          5,          7, 	      27929
iid:   656,          6,          5, 	      25632
iid:   657,          8,          6, 	      29226
iid:   658,          4,          5, 	      25739
iid:   659,          6,          4, 	      29075
iid:   660,          3,          5, 	      25467
iid:   661,          5,          4, 	      25220
iid:   662,          6,          4, 	      26746
iid:   663,          4,          3, 	      28747
iid:   664,          2,          6, 	      27764
iid:   665,          6,          6, 	      25511
iid:   666,          6,          6, 	      26910
iid:   667,          7,          6, 	      28073
iid:   668,          4,          5, 	      26697
iid:   669,          4,          4, 	      25785
iid:   670,          5,          4, 	      25202
iid:   671,          5,          5, 	      26183
iid:   672,          5,          4, 	      25630
iid:   673,          5,          5, 	      26731
iid:   674,          3,          5, 	      28054
iid:   675,          6,          7, 	      29059
iid:   676,          5,          6, 	      26111
iid:   677,          9,          5, 	      26941
iid:   678,          3,          4, 	      25611
iid:   679,          6,          5, 	      27395
iid:   680,          4,          4, 	      30742
iid:   681,          3,          5, 	      28570
iid:   682,          5,          4, 	      25831
iid:   683,          4,          5, 	      25241
iid:   684,          7,          6, 	      27437
iid:   685,          6,          4, 	      26116
iid:   686,          4,          9, 	      25369
iid:   687,          9,          4, 	      25563
iid:   688,          4,          5, 	      27026
iid:   689,          4,          6, 	      25064
iid:   690,          7,          4, 	      27886
iid:   691,          4,          3, 	      29374
iid:   692,          2,          4, 	      27524
iid:   693,          3,          5, 	      25470
iid:   694,          4,          6, 	      26926
iid:   695,          6,          4, 	      25827
iid:   696,          3,          7, 	      25300
iid:   697,          9,          5, 	      25367
iid:   698,          6,          4, 	      26559
iid:   699,          4,          6, 	      27513
iid:   700,          7,          4, 	      25545
iid:   701,          4,          4, 	      25887
iid:   702,          4,          3, 	      28253
iid:   703,          2,          5, 	      27659
iid:   704,          5,          6, 	      25347
iid:   705,          5,          4, 	      26535
iid:   706,          5,          7, 	      27107
iid:   707,          7,          6, 	      28290
iid:   708,          4,          4, 	      25905
iid:   709,          4,          6, 	      27415
iid:   710,          7,          4, 	      25469
iid:   711,          6,          4, 	      25365
iid:   712,          4,          5, 	      26677
iid:   713,          4,          4, 	      29672
iid:   714,          3,          5, 	      29919
iid:   715,          5,          5, 	      27254
iid:   716,          4,          7, 	      28873
iid:   717,         10,          4, 	      26614
iid:   718,          3,          6, 	      27494
iid:   719,          5,          6, 	      26196
iid:   720,          4,          4, 	      26587
iid:   721,          5,          4, 	      25475
iid:   722,          9,          5, 	      27908
iid:   723,          3,          4, 	      25514
iid:   724,          4,          6, 	      28890
iid:   725,          3,          4, 	      26368
iid:   726,          6,          7, 	      27757
iid:   727,          9,          6, 	      25579
iid:   728,          3,          5, 	      25910
iid:   729,          5,          5, 	      26641
iid:   730,          4,          5, 	      25482
iid:   731,          5,          5, 	      27313
iid:   732,          8,          4, 	      25960
iid:   733,          3,          5, 	      27742
iid:   734,          4,          5, 	      25836
iid:   735,          5,          5, 	      28452
iid:   736,          4,          5, 	      26380
iid:   737,          9,          6, 	      25533
iid:   738,          4,          5, 	      26846
iid:   739,          4,          4, 	      26547
iid:   740,          6,          6, 	      29192
iid:   741,          4,          5, 	      26670
iid:   742,          8,          4, 	      25395
iid:   743,          3,          5, 	      25114
iid:   744,          5,          5, 	      27309
iid:   745,          5,          4, 	      25315
iid:   746,          5,          7, 	      30070
iid:   747,          4,          6, 	      25269
iid:   748,          7,          4, 	      25013
iid:   749,          4,          6, 	      25223
iid:   750,          5,          4, 	      25472
iid:   751,          5,          6, 	      27729
iid:   752,          5,          4, 	      25487
iid:   753,          5,          6, 	      25546
iid:   754,          6,          4, 	      25540
iid:   755,          4,          6, 	      25351
iid:   756,          6,          4, 	      26300
iid:   757,          4,          6, 	      26530
iid:   758,          5,          4, 	      25101
iid:   759,          5,          6, 	      25400
iid:   760,          7,          4, 	      25944
iid:   761,          4,          6, 	      25265
iid:   762,          5,          4, 	      26721
iid:   763,          5,          7, 	      27747
iid:   764,          5,          4, 	      25601
iid:   765,          5,          6, 	      25788
iid:   766,          6,          4, 	      25546
iid:   767,          4,          5, 	      25183
iid:   768,          5,          5, 	      27735
iid:   769,          5,          6, 	      25665
iid:   770,          4,          4, 	      25796
iid:   771,          7,          6, 	      26197
iid:   772,          4,          4, 	      25521
iid:   773,          7,          6, 	      28508
iid:   774,          3,          4, 	      26882
iid:   775,          3,          6, 	      26447
iid:   776,          4,          4, 	      25408
iid:   777,          8,          5, 	      25299
iid:   778,          7,          4, 	      26078
iid:   779,          3,          7, 	      31773
iid:   780,          5,          4, 	      27253
iid:   781,          6,          6, 	      27030
iid:   782,          5,          5, 	      24928
iid:   783,          7,          4, 	      25272
iid:   784,          4,          3, 	      28135
iid:   785,          2,          7, 	      27696
iid:   786,          4,          5, 	      25594
iid:   787,          5,          5, 	      28289
iid:   788,          8,          6, 	      27073
iid:   789,          5,          4, 	      29033
iid:   790,          3,          5, 	      29890
iid:   791,          4,          4, 	      26807
iid:   792,          4,          5, 	      27662
iid:   793,          9,          5, 	      26282
iid:   794,          3,          4, 	      25767
iid:   795,          3,          4, 	      26859
iid:   796,          6,          7, 	      29205
iid:   797,          4,          6, 	      26548
iid:   798,         10,          6, 	      26205
iid:   799,          5,          4, 	      25975
iid:   800,          5,          3, 	      30570
iid:   801,          2,          6, 	      29574
iid:   802,          3,          5, 	      27423
iid:   803,          5,          5, 	      25523
iid:   804,          6,          4, 	      25832
iid:   805,          3,          5, 	      25354
iid:   806,          7,          4, 	      25741
iid:   807,          4,          7, 	      31159
iid:   808,          5,          6, 	      25371
iid:   809,          8,          5, 	      25739
iid:   810,          6,          4, 	      26463
iid:   811,          4,          3, 	      27963
iid:   812,          2,          5, 	      27510
iid:   813,          3,          5, 	      26774
iid:   814,          4,          4, 	      25442
iid:   815,          5,          5, 	      26752
iid:   816,          7,          6, 	      26224
iid:   817,         10,          5, 	      38880
iid:   818,          3,          5, 	      38571
iid:   819,          2,          5, 	      29404
iid:   820,          4,          4, 	      25841
iid:   821,          3,          4, 	      26250
iid:   822,          6,          4, 	      27327
iid:   823,          4,          4, 	      27391
iid:   824,          4,          4, 	      25396
iid:   825,          5,          7, 	      25740
iid:   826,          6,         10, 	      29069
iid:   827,         14,          4, 	      39400
iid:   828,          3,          3, 	      45140
iid:   829,          2,          3, 	      44835
iid:   830,          2,          4, 	      41896
iid:   831,          2,          3, 	      39101
iid:   832,          2,          3, 	      37161
iid:   833,          2,          3, 	      34389
iid:   834,          2,          4, 	      33109
iid:   835,          4,          4, 	      31321
iid:   836,          3,          5, 	      26691
iid:   837,         11,          4, 	      25473
iid:   838,          9,          4, 	      26005
iid:   839,          3,          3, 	      27694
iid:   840,          2,          3, 	      27266
iid:   841,          2,          4, 	      26893
iid:   842,          3,          3, 	      28980
iid:   843,          2,          4, 	      27732
iid:   844,          3,          3, 	      29152
iid:   845,          2,          3, 	      28672
iid:   846,          2,          5, 	      27843
iid:   847,          8,          4, 	      27372
iid:   848,         11,          4, 	      25366
iid:   849,          3,          4, 	      25666
iid:   850,          4,          4, 	      25549
iid:   851,          5,          3, 	      28249
iid:   852,          2,          4, 	      28017
iid:   853,          3,          3, 	      29264
iid:   854,          2,          3, 	      28859
iid:   855,          2,          3, 	      28449
iid:   856,          2,          8, 	      28101
iid:   857,         11,          5, 	      31055
iid:   858,          4,          4, 	      25142
iid:   859,          4,          4, 	      25440
iid:   860,          8,          4, 	      25248
iid:   861,          3,          4, 	      25503
iid:   862,          4,          4, 	      26422
iid:   863,          4,          4, 	      25239
iid:   864,          5,          3, 	      31694
iid:   865,          2,          4, 	      31196
iid:   866,          4,         11, 	      33278
iid:   867,         11,          4, 	      25932
iid:   868,          4,          6, 	      25650
iid:   869,          4,          4, 	      27823
iid:   870,          4,          4, 	      26896
iid:   871,          5,          4, 	      25507
iid:   872,          4,          4, 	      26171
iid:   873,          6,          6, 	      26066
iid:   874,          7,          4, 	      26053
iid:   875,          4,          3, 	      29827
iid:   876,          2,         10, 	      29512
iid:   877,          9,          4, 	      25435
iid:   878,          3,          5, 	      25353
iid:   879,          6,          4, 	      26013
iid:   880,          4,          5, 	      30324
iid:   881,          4,          3, 	      28945
iid:   882,          2,          4, 	      27084
iid:   883,          4,          6, 	      25332
iid:   884,          8,          5, 	      25260
iid:   885,          4,          4, 	      25584
iid:   886,          5,          7, 	      32173
iid:   887,          5,          4, 	      25770
iid:   888,          4,          5, 	      25501
iid:   889,          8,          5, 	      25834
iid:   890,          5,          4, 	      26019
iid:   891,          5,          4, 	      26378
iid:   892,          4,          4, 	      32090
iid:   893,          5,          7, 	      33730
iid:   894,          4,          6, 	      26375
iid:   895,          4,          6, 	      25667
iid:   896,          8,          4, 	      26180
iid:   897,          4,          4, 	      27097
iid:   898,          4,          7, 	      30246
iid:   899,          5,          5, 	      25741
iid:   900,          7,          4, 	      25238
iid:   901,          5,          6, 	      25369
iid:   902,          6,          4, 	      25475
iid:   903,          4,          5, 	      30597
iid:   904,          4,          5, 	      31389
iid:   905,          4,          6, 	      26721
iid:   906,          7,          4, 	      25455
iid:   907,          4,          5, 	      25265
iid:   908,          6,          4, 	      25237
iid:   909,          6,          7, 	      28944
iid:   910,          3,          4, 	      25650
iid:   911,          4,          6, 	      25391
iid:   912,          9,          6, 	      25723
iid:   913,          6,          4, 	      26402
iid:   914,          3,          3, 	      31984
iid:   915,          2,          7, 	      31395
iid:   916,          5,          4, 	      25826
iid:   917,          4,          5, 	      25442
iid:   918,          4,          5, 	      25630
iid:   919,          8,          4, 	      25915
iid:   920,          3,          4, 	      26900
iid:   921,          6,          7, 	      31402
iid:   922,          4,          5, 	      26474
iid:   923,          7,          6, 	      25425
iid:   924,          7,          4, 	      25312
iid:   925,          4,          5, 	      25989
iid:   926,          4,          4, 	      30314
iid:   927,          3,          4, 	      31704
iid:   928,          2,          5, 	      26314
iid:   929,          8,          4, 	      26263
iid:   930,          4,          6, 	      25980
iid:   931,          6,          4, 	      25399
iid:   932,          4,          7, 	      25283
iid:   933,          5,          6, 	      25556
iid:   934,          9,          4, 	      28428
iid:   935,          4,          6, 	      30037
iid:   936,          5,          4, 	      26434
iid:   937,          5,          3, 	      28604
iid:   938,          2,          5, 	      28224
iid:   939,          3,          4, 	      26038
iid:   940,          5,          5, 	      27460
iid:   941,          5,          5, 	      25255
iid:   942,          5,          5, 	      26353
iid:   943,          5,          7, 	      25310
iid:   944,          9,          5, 	      26815
iid:   945,          4,          5, 	      25461
iid:   946,          5,          5, 	      25329
iid:   947,          6,          4, 	      25262
iid:   948,          5,          3, 	      27111
iid:   949,          2,          4, 	      26736
iid:   950,          3,          5, 	      26529
iid:   951,          4,          5, 	      27215
iid:   952,          5,          6, 	      25369
iid:   953,          6,          7, 	      25244
iid:   954,          7,          5, 	      25305
iid:   955,          7,          5, 	      27591
iid:   956,          3,          5, 	      25541
iid:   957,          5,          4, 	      25364
iid:   958,          6,          4, 	      26249
iid:   959,          4,          4, 	      29416
iid:   960,          3,          5, 	      30648
iid:   961,          4,          4, 	      26539
iid:   962,          4,          6, 	      28725
iid:   963,          3,          6, 	      25633
iid:   964,         12,          7, 	      29518
iid:   965,          3,          5, 	      25704
iid:   966,          6,          5, 	      29422
iid:   967,          6,          4, 	      26051
iid:   968,          4,          4, 	      25759
iid:   969,          7,          4, 	      26110
iid:   970,          3,          3, 	      30558
iid:   971,          2,          7, 	      29866
iid:   972,          4,          4, 	      25325
iid:   973,          4,          8, 	      29767
iid:   974,         10,          5, 	      25539
iid:   975,          5,          5, 	      29504
iid:   976,          4,          4, 	      27306
iid:   977,          5,          5, 	      28901
iid:   978,          3,          4, 	      25577
iid:   979,          8,          5, 	      27534
iid:   980,          3,          4, 	      26072
iid:   981,          4,          4, 	      29241
iid:   982,          4,          6, 	      29579
iid:   983,          5,          6, 	      27821
iid:   984,          9,          6, 	      27048
iid:   985,          4,          6, 	      25375
iid:   986,          7,          3, 	      30050
iid:   987,          2,          4, 	      27006
iid:   988,          3,          5, 	      27856
iid:   989,          7,          6, 	      26632
iid:   990,          4,          5, 	      26153
iid:   991,          6,          4, 	      26812
iid:   992,          4,          5, 	      27210
iid:   993,          3,          6, 	      30485
iid:   994,          9,          5, 	      27107
iid:   995,          4,          6, 	      28290
iid:   996,          5,          4, 	      25400
iid:   997,          4,          3, 	      26698
iid:   998,          2,          5, 	      25587
iid:   999,          5,          5, 	      25440
iid:  1000,          6,          5, 	      25980
iid:  1001,          6,          4, 	      25331
iid:  1002,          4,          6, 	      30649
iid:  1003,          3,          5, 	      26255
iid:  1004,          8,          5, 	      26311
iid:  1005,          6,          5, 	      24991
iid:  1006,          6,          4, 	      26085
iid:  1007,          4,          4, 	      27160
iid:  1008,          3,          7, 	      29967
iid:  1009,          4,          5, 	      25385
iid:  1010,          6,          5, 	      25917
iid:  1011,          6,          6, 	      25282
iid:  1012,          6,          4, 	      26605
iid:  1013,          4,          6, 	      29113
iid:  1014,          4,          5, 	      26383
iid:  1015,          7,          5, 	      26705
iid:  1016,          5,          4, 	      25459
iid:  1017,          4,          5, 	      27551
iid:  1018,          5,          5, 	      25231
iid:  1019,          4,          4, 	      30069
iid:  1020,          3,          5, 	      28183
iid:  1021,          7,          6, 	      25697
iid:  1022,          8,          6, 	      27959
iid:  1023,          3,          4, 	      25749
iid:  1024,          4,          7, 	      28441
iid:  1025,          8,          4, 	      25833
iid:  1026,          3,          4, 	      27062
iid:  1027,          7,          6, 	      25448
iid:  1028,          4,          5, 	      28841
iid:  1029,          5,          5, 	      25797
iid:  1030,          5,          4, 	      28875
iid:  1031,          3,          7, 	      28107
iid:  1032,          7,          4, 	      25346
iid:  1033,          6,          6, 	      27021
iid:  1034,          4,          5, 	      25587
iid:  1035,          7,          5, 	      27558
iid:  1036,          4,          4, 	      27535
iid:  1037,          4,          5, 	      26838
iid:  1038,          6,          5, 	      26835
iid:  1039,          4,          5, 	      25813
iid:  1040,          3,          4, 	      25169
iid:  1041,          7,          7, 	      27559
iid:  1042,          5,          4, 	      25675
iid:  1043,          8,          6, 	      28761
iid:  1044,          3,          5, 	      27523
iid:  1045,          6,          5, 	      27131
iid:  1046,          5,          4, 	      30176
iid:  1047,          4,          6, 	      28330
iid:  1048,          6,          4, 	      25656
iid:  1049,          4,          5, 	      30451
iid:  1050,          3,          6, 	      29583
iid:  1051,          7,          5, 	      25960
iid:  1052,          5,          6, 	      28908
iid:  1053,          6,          4, 	      25636
iid:  1054,          5,          6, 	      27721
iid:  1055,          5,          5, 	      27369
iid:  1056,          5,          4, 	      25642
iid:  1057,          4,          5, 	      27847
iid:  1058,          4,          5, 	      25383
iid:  1059,          7,          5, 	      27779
iid:  1060,          4,          4, 	      28086
iid:  1061,          4,          6, 	      27696
iid:  1062,          5,          6, 	      26337
iid:  1063,          7,          4, 	      25274
iid:  1064,          7,          6, 	      27279
iid:  1065,          4,          5, 	      26990
iid:  1066,          5,          6, 	      30227
iid:  1067,          3,          4, 	      26043
iid:  1068,          5,          5, 	      27686
iid:  1069,          8,          5, 	      27519
iid:  1070,          4,          5, 	      33613
iid:  1071,          5,          4, 	      33262
iid:  1072,          4,          5, 	      32991
iid:  1073,          2,          5, 	      27548
iid:  1074,          7,          5, 	      27240
iid:  1075,          4,          5, 	      26911
iid:  1076,          5,          4, 	      27145
iid:  1077,          5,          5, 	      31519
iid:  1078,          4,          5, 	      30134
iid:  1079,          5,          6, 	      26642
iid:  1080,          6,          4, 	      26201
iid:  1081,          7,          5, 	      26187
iid:  1082,          4,          4, 	      28693
iid:  1083,          5,          7, 	      29930
iid:  1084,          4,          5, 	      26227
iid:  1085,          5,          6, 	      26812
iid:  1086,          8,          4, 	      26335
iid:  1087,          4,          4, 	      26600
iid:  1088,          4,          6, 	      29959
iid:  1089,          4,          6, 	      27813
iid:  1090,          5,          4, 	      26023
iid:  1091,          8,          6, 	      27457
iid:  1092,          4,          4, 	      26310
iid:  1093,          4,          5, 	      27754
iid:  1094,          4,          5, 	      26780
iid:  1095,          5,          5, 	      27100
iid:  1096,          8,          5, 	      27054
iid:  1097,          3,          5, 	      25438
iid:  1098,          5,          5, 	      26360
iid:  1099,          5,          6, 	      25869
iid:  1100,          5,          4, 	      26990
iid:  1101,          6,          6, 	      27514
iid:  1102,          5,          5, 	      25680
iid:  1103,          6,          5, 	      26618
iid:  1104,          4,          4, 	      25666
iid:  1105,          4,          6, 	      28478
iid:  1106,          8,          5, 	      28877
iid:  1107,          3,          5, 	      28428
iid:  1108,          3,          5, 	      25675
iid:  1109,          6,          6, 	      27929
iid:  1110,          6,          4, 	      26456
iid:  1111,          6,          5, 	      26760
iid:  1112,          4,          6, 	      31747
iid:  1113,          3,          4, 	      26077
iid:  1114,          5,          5, 	      26644
iid:  1115,          6,          6, 	      25743
iid:  1116,          8,          4, 	      27371
iid:  1117,          4,          6, 	      31303
iid:  1118,          4,          5, 	      30581
iid:  1119,          4,          5, 	      28678
iid:  1120,          4,          4, 	      27181
iid:  1121,          9,          5, 	      26252
iid:  1122,          4,          4, 	      25403
iid:  1123,          5,          4, 	      29568
iid:  1124,          4,          5, 	      30408
iid:  1125,          3,          9, 	      29955
iid:  1126,         10,          5, 	      25066
iid:  1127,          5,          5, 	      25655
iid:  1128,          4,          4, 	      29921
iid:  1129,          4,          5, 	      30378
iid:  1130,          4,          5, 	      30260
iid:  1131,          4,          5, 	      25281
iid:  1132,          7,          5, 	      25041
iid:  1133,          6,          4, 	      25899
iid:  1134,          3,          5, 	      25164
iid:  1135,          5,          7, 	      30316
iid:  1136,          5,          5, 	      25176
iid:  1137,         10,          6, 	      28433
iid:  1138,          3,          4, 	      25680
iid:  1139,          4,          4, 	      26590
iid:  1140,          6,          5, 	      30239
iid:  1141,          4,          5, 	      30157
iid:  1142,          3,          5, 	      25672
iid:  1143,          8,          4, 	      27637
iid:  1144,          3,          7, 	      28972
iid:  1145,          6,          4, 	      26840
iid:  1146,          5,          7, 	      29460
iid:  1147,          8,          5, 	      26360
iid:  1148,          3,          5, 	      27478
iid:  1149,          3,          5, 	      27077
iid:  1150,          6,          4, 	      26323
iid:  1151,          5,          5, 	      27465
iid:  1152,          4,          5, 	      28454
iid:  1153,          7,          4, 	      25910
iid:  1154,          3,          6, 	      27729
iid:  1155,          5,          6, 	      27004
iid:  1156,          6,          5, 	      27361
iid:  1157,          9,          5, 	      26653
iid:  1158,          3,          4, 	      27216
iid:  1159,          5,          5, 	      28693
iid:  1160,          3,          5, 	      26588
iid:  1161,          4,          6, 	      25281
iid:  1162,          6,          5, 	      26099
iid:  1163,          7,          4, 	      26276
iid:  1164,          4,          6, 	      27892
iid:  1165,          4,          6, 	      25384
iid:  1166,          4,          5, 	      26476
iid:  1167,          8,          5, 	      26609
iid:  1168,          5,          5, 	      25604
iid:  1169,          5,          5, 	      29320
iid:  1170,          3,          4, 	      26458
iid:  1171,          5,          5, 	      27807
iid:  1172,          4,          5, 	      27639
iid:  1173,          7,          5, 	      25855
iid:  1174,          5,          4, 	      25041
iid:  1175,          5,          7, 	      27797
iid:  1176,          4,          5, 	      26498
iid:  1177,          8,          5, 	      27011
iid:  1178,          5,          5, 	      25342
iid:  1179,          5,          4, 	      25401
iid:  1180,          5,          6, 	      28381
iid:  1181,          3,          5, 	      28983
iid:  1182,          5,          4, 	      29092
iid:  1183,          5,          6, 	      25608
iid:  1184,          6,          5, 	      25161
iid:  1185,          5,          5, 	      25168
iid:  1186,          5,          7, 	      26074
iid:  1187,          7,          4, 	      25152
iid:  1188,          5,          5, 	      26082
iid:  1189,          4,          5, 	      25284
iid:  1190,          5,          5, 	      25200
iid:  1191,          5,          4, 	      26416
iid:  1192,          3,          4, 	      26911
iid:  1193,          5,          6, 	      26766
iid:  1194,          5,          5, 	      25624
iid:  1195,          6,          5, 	      25338
iid:  1196,          5,          7, 	      25355
iid:  1197,          9,          4, 	      27377
iid:  1198,          3,          5, 	      26128
iid:  1199,          4,          6, 	      25427
iid:  1200,          5,          5, 	      25513
iid:  1201,          4,          4, 	      25498
iid:  1202,          3,          4, 	      25471
iid:  1203,          4,          8, 	      25653
iid:  1204,          3,          0, 	          ?
#	 SMR -- mean: 5.94 stddev: 3.41
#	 Consensus -- mean: 5.43 stddev: 1.76