iid:     9,          4,          4, 	      49069
iid:    10,          5,          4, 	      61889
iid:    11,          7,          4, 	      77122
iid:    12,          4,          4, 	      78105
iid:    13,          8,          3, 	      93485
iid:    14,          2,          4, 	      92874
iid:    15,          4,          4, 	      92217
iid:    16,         19,          4, 	     119815
iid:    17,          6,          3, 	     123918
iid:    18,          2,          5, 	     123816
iid:    19,          2,          5, 	      77575
iid:    20,          6,          5, 	      64237
iid:    21,          2,          3, 	      46156
iid:    22,          2,          6, 	      45177
iid:    23,          8,          3, 	      49460
iid:    24,          2,          4, 	      48481
iid:    25,          4,          7, 	      48101
iid:    26,          5,          4, 	      22795
iid:    27,         12,          4, 	      21651
iid:    28,          4,          3, 	      22101
iid:    29,          2,          8, 	      21412
iid:    30,          8,          4, 	      30254
iid:    31,          5,          3, 	      33032
iid:    32,          2,          4, 	      32287
iid:    33,          8,          4, 	      32652
iid:    34,          7,          4, 	      36322
iid:    35,          7,          5, 	      40434
iid:    36,          4,          5, 	      35922
iid:    37,          8,          5, 	      32433
iid:    38,          4,          4, 	      31538
iid:    39,          6,          5, 	      33682
iid:    40,          8,          6, 	      32320
iid:    41,          4,          4, 	      26982
iid:    42,          8,          8, 	      32110
iid:    43,          5,          4, 	      19324
iid:    44,          6,          5, 	      27947
iid:    45,          8,          5, 	      29726
iid:    46,          5,          4, 	      24000
iid:    47,          7,          4, 	      32147
iid:    48,          7,          7, 	      35217
iid:    49,          8,          4, 	      24608
iid:    50,          5,          5, 	      28076
iid:    51,          6,          4, 	      30082
iid:    52,          7,          5, 	      32398
iid:    53,          4,          6, 	      30901
iid:    54,         10,          5, 	      34353
iid:    55,          4,          4, 	      27826
iid:    56,          4,          6, 	      30208
iid:    57,         10,          5, 	      29867
iid:    58,          4,          9, 	      25506
iid:    59,          9,          4, 	      22107
iid:    60,          4,          3, 	      22966
iid:    61,          4,          5, 	      24366
iid:    62,          8,          6, 	      23744
iid:    63,          4,          4, 	      23399
iid:    64,          4,          4, 	      25354
iid:    65,          9,          4, 	      27260
iid:    66,          5,          5, 	      26763
iid:    67,          8,          4, 	      29397
iid:    68,          5,          5, 	      34614
iid:    69,          4,          6, 	      28860
iid:    70,          8,          4, 	      29747
iid:    71,          4,          6, 	      29378
iid:    72,          4,          6, 	      24391
iid:    73,         12,          4, 	      29770
iid:    74,          4,          6, 	      28199
iid:    75,          4,          7, 	      27092
iid:    76,         11,          4, 	      32618
iid:    77,          7,          6, 	      22984
iid:    78,          6,          4, 	      28965
iid:    79,          6,          5, 	      32599
iid:    80,          8,          3, 	      34185
iid:    81,          2,          4, 	      26977
iid:    82,          9,          4, 	      34993
iid:    83,          5,          4, 	      34729
iid:    84,          4,          3, 	      33802
iid:    85,          2,          6, 	      32461
iid:    86,         11,          4, 	      38084
iid:    87,          4,          7, 	      34843
iid:    88,          6,          6, 	      19520
iid:    89,          5,          4, 	      19586
iid:    90,          7,          4, 	      25496
iid:    91,          4,          8, 	      29942
iid:    92,         14,          4, 	      23047
iid:    93,          7,          5, 	      27788
iid:    94,          4,          5, 	      29549
iid:    95,          6,          4, 	      25402
iid:    96,          6,          4, 	      30532
iid:    97,          4,          6, 	      30610
iid:    98,         17,          3, 	      32571
iid:    99,          2,          4, 	      31228
iid:   100,          4,          5, 	      29112
iid:   101,          4,          7, 	      31365
iid:   102,         10,          6, 	      30222
iid:   103,          4,          3, 	      22139
iid:   104,          3,          4, 	      21592
iid:   105,          7,          6, 	      32433
iid:   106,          4,          4, 	      23737
iid:   107,          4,          7, 	      24358
iid:   108,         15,          4, 	      18675
iid:   109,          5,          6, 	      25039
iid:   110,          6,          4, 	      25950
iid:   111,          3,          4, 	      24875
iid:   112,          6,          4, 	      33885
iid:   113,         12,          4, 	      42074
iid:   114,          4,          3, 	      39853
iid:   115,          2,          4, 	      29596
iid:   116,          5,          4, 	      33745
iid:   117,         11,          5, 	      47705
iid:   118,          4,          8, 	      41109
iid:   119,          4,          4, 	      22790
iid:   120,         10,          6, 	      31797
iid:   121,          4,          4, 	      29560
iid:   122,          4,          8, 	      28098
iid:   123,         15,          4, 	      24554
iid:   124,          6,          4, 	      32527
iid:   125,          4,          6, 	      27898
iid:   126,          2,          3, 	      25797
iid:   127,          2,          4, 	      25381
iid:   128,         10,          3, 	      43240
iid:   129,          2,          5, 	      42677
iid:   130,          5,          3, 	      28589
iid:   131,          2,          4, 	      25952
iid:   132,         11,          4, 	      42463
iid:   133,         11,          5, 	      43975
iid:   134,          2,          3, 	      28435
iid:   135,          2,          4, 	      27630
iid:   136,         11,          3, 	      39095
iid:   137,          2,          7, 	      38602
iid:   138,          8,          4, 	      22400
iid:   139,          7,          3, 	      31059
iid:   140,          2,          4, 	      30498
iid:   141,          5,          6, 	      32695
iid:   142,          5,          6, 	      27754
iid:   143,         12,          5, 	      23265
iid:   144,          8,          4, 	      27602
iid:   145,          5,          3, 	      27593
iid:   146,          2,          5, 	      26184
iid:   147,          4,          4, 	      31626
iid:   148,         11,          6, 	      39853
iid:   149,          4,          4, 	      20371
iid:   150,          9,          4, 	      30741
iid:   151,          4,          4, 	      29431
iid:   152,          4,          6, 	      29055
iid:   153,          6,          7, 	      27568
iid:   154,         15,          4, 	      22627
iid:   155,          7,          4, 	      24225
iid:   156,          6,          3, 	      26972
iid:   157,          2,          7, 	      26074
iid:   158,          4,          6, 	      27692
iid:   159,         13,          4, 	      37701
iid:   160,          4,          3, 	      25845
iid:   161,          2,          4, 	      24086
iid:   162,          6,          4, 	      27710
iid:   163,         10,          7, 	      34338
iid:   164,          4,          5, 	      28568
iid:   165,         10,          6, 	      22663
iid:   166,          4,          4, 	      20057
iid:   167,         11,          6, 	      29324
iid:   168,          4,          3, 	      21826
iid:   169,          2,          5, 	      21762
iid:   170,          4,          4, 	      19180
iid:   171,         18,          6, 	      36087
iid:   172,          4,          4, 	      28564
iid:   173,          5,          4, 	      26462
iid:   174,          4,          4, 	      25771
iid:   175,         11,          6, 	      33211
iid:   176,          4,          5, 	      32197
iid:   177,          6,          4, 	      22141
iid:   178,         15,          6, 	      33020
iid:   179,          4,          3, 	      30514
iid:   180,          2,          9, 	      29719
iid:   181,          8,          4, 	      22156
iid:   182,         12,          5, 	      33624
iid:   183,          5,          4, 	      20976
iid:   184,         11,          6, 	      28116
iid:   185,          4,          5, 	      24347
iid:   186,          5,          4, 	      22337
iid:   187,          8,          4, 	      28553
iid:   188,          9,          6, 	      24663
iid:   189,          4,          4, 	      21841
iid:   190,          4,          4, 	      21430
iid:   191,         19,          4, 	      32123
iid:   192,          4,          7, 	      31973
iid:   193,          4,          5, 	      30539
iid:   194,          4,          7, 	      20795
iid:   195,         10,          4, 	      26484
iid:   196,          4,          3, 	      23646
iid:   197,          2,          4, 	      21768
iid:   198,         15,          5, 	      27925
iid:   199,          4,          6, 	      26685
iid:   200,          8,          5, 	      31354
iid:   201,          4,          6, 	      24273
iid:   202,         13,          4, 	      29338
iid:   203,          4,          4, 	      28594
iid:   204,          4,          3, 	      22609
iid:   205,          2,          6, 	      21533
iid:   206,         14,          4, 	      26231
iid:   207,          9,          7, 	      31781
iid:   208,          6,          6, 	      29003
iid:   209,          4,          4, 	      27263
iid:   210,          4,          5, 	      25511
iid:   211,         10,          4, 	      21000
iid:   212,         10,          5, 	      26322
iid:   213,         11,          5, 	      28425
iid:   214,          4,          5, 	      27141
iid:   215,          4,          6, 	      19527
iid:   216,         17,          5, 	      28356
iid:   217,          6,          5, 	      22052
iid:   218,          8,          4, 	      28339
iid:   219,          5,          7, 	      27913
iid:   220,          7,          4, 	      24596
iid:   221,         10,          5, 	      25820
iid:   222,          4,          4, 	      21955
iid:   223,          8,          4, 	      25256
iid:   224,          2,          6, 	      23969
iid:   225,         14,          4, 	      25497
iid:   226,          4,          6, 	      26752
iid:   227,          5,          4, 	      24445
iid:   228,          6,          7, 	      26244
iid:   229,         16,          3, 	      32391
iid:   230,          2,          5, 	      31904
iid:   231,          7,          4, 	      25418
iid:   232,          2,          4, 	      22860
iid:   233,         13,          5, 	      34677
iid:   234,          4,          5, 	      32617
iid:   235,          9,          3, 	      29243
iid:   236,          2,          3, 	      28117
iid:   237,          2,          6, 	      24256
iid:   238,         15,          4, 	      21854
iid:   239,          9,          5, 	      24652
iid:   240,          5,          3, 	      25935
iid:   241,          2,          6, 	      25235
iid:   242,         12,          5, 	      29584
iid:   243,         16,          4, 	      24384
iid:   244,          4,          4, 	      24153
iid:   245,          6,          4, 	      24736
iid:   246,          9,          6, 	      27859
iid:   247,         11,          4, 	      35541
iid:   248,          5,          5, 	      27748
iid:   249,          4,          3, 	      26496
iid:   250,          2,          6, 	      25986
iid:   251,         17,          6, 	      40943
iid:   252,          4,          4, 	      34395
iid:   253,          4,          4, 	      33049
iid:   254,          9,          8, 	      28200
iid:   255,         12,          4, 	      34175
iid:   256,          4,          4, 	      23949
iid:   257,          7,          4, 	      24053
iid:   258,          4,          8, 	      24042
iid:   259,         15,          3, 	      34653
iid:   260,          2,          4, 	      34146
iid:   261,         10,          3, 	      33806
iid:   262,          2,          6, 	      32795
iid:   263,         20,          3, 	      40030
iid:   264,          2,          6, 	      39341
iid:   265,          4,          4, 	      26953
iid:   266,          4,          4, 	      21898
iid:   267,         11,          5, 	      33972
iid:   268,          5,          5, 	      32124
iid:   269,          4,          4, 	      21957
iid:   270,         18,          4, 	      33235
iid:   271,          4,          6, 	      28599
iid:   272,          2,          5, 	      27314
iid:   273,          8,          7, 	      28892
iid:   274,          4,          4, 	      26859
iid:   275,          4,          4, 	      26287
iid:   276,         18,          6, 	      44931
iid:   277,         11,          4, 	      37233
iid:   278,          6,          7, 	      33958
iid:   279,          4,          4, 	      35868
iid:   280,          4,          3, 	      37817
iid:   281,          4,          4, 	      37656
iid:   282,         16,          3, 	      43481
iid:   283,          2,          4, 	      42905
iid:   284,         11,          4, 	      48950
iid:   285,         11,          6, 	      59286
iid:   286,          5,          3, 	      51357
iid:   287,          2,          6, 	      46521
iid:   288,         13,          5, 	      52088
iid:   289,          7,          3, 	      48500
iid:   290,          2,          3, 	      42294
iid:   291,          2,          7, 	      40849
iid:   292,         16,          4, 	      46004
iid:   293,          6,          3, 	      49552
iid:   294,          2,          6, 	      43573
iid:   295,         17,          4, 	      42098
iid:   296,          4,          3, 	      46562
iid:   297,          2,          6, 	      45380
iid:   298,         13,          4, 	      44396
iid:   299,          6,          3, 	      40542
iid:   300,          2,          5, 	      38534
iid:   301,          9,          5, 	      44245
iid:   302,          8,          4, 	      46946
iid:   303,         14,          3, 	      45812
iid:   304,          2,          6, 	      44552
iid:   305,          4,          4, 	      36686
iid:   306,          7,          5, 	      41961
iid:   307,          5,          4, 	      40879
iid:   308,          2,          6, 	      32040
iid:   309,         16,          4, 	      40491
iid:   310,          4,          3, 	      40218
iid:   311,          2,          6, 	      35560
iid:   312,         15,          4, 	      40882
iid:   313,         12,          5, 	      42000
iid:   314,          4,          5, 	      41203
iid:   315,          2,          4, 	      25405
iid:   316,         18,          4, 	      40429
iid:   317,          4,          3, 	      40953
iid:   318,          2,          6, 	      40273
iid:   319,         14,          5, 	      42746
iid:   320,          7,          3, 	      44260
iid:   321,          2,          5, 	      43404
iid:   322,          2,          4, 	      37614
iid:   323,          9,          3, 	      42462
iid:   324,          2,          4, 	      40526
iid:   325,          5,          6, 	      41350
iid:   326,         17,          4, 	      43092
iid:   327,          4,          3, 	      43748
iid:   328,          2,          6, 	      42395
iid:   329,          2,          4, 	      33471
iid:   330,         18,          4, 	      41127
iid:   331,          4,          3, 	      42004
iid:   332,          2,          6, 	      40621
iid:   333,         13,          4, 	      41126
iid:   334,          5,          4, 	      42366
iid:   335,          5,          5, 	      43417
iid:   336,          3,          4, 	      32591
iid:   337,         15,          3, 	      39036
iid:   338,          2,          5, 	      38155
iid:   339,         11,          5, 	      48146
iid:   340,          4,          4, 	      35770
iid:   341,         10,          3, 	      39091
iid:   342,          2,          8, 	      38383
iid:   343,         20,          4, 	      26194
iid:   344,          6,          7, 	      32328
iid:   345,          7,          4, 	      32264
iid:   346,          4,          4, 	      31929
iid:   347,          6,          4, 	      41972
iid:   348,          7,          5, 	      46346
iid:   349,         17,          5, 	      37810
iid:   350,          7,          4, 	      43981
iid:   351,          4,          4, 	      41980
iid:   352,          4,         10, 	      42345
iid:   353,         10,          4, 	      23208
iid:   354,         10,          4, 	      27668
iid:   355,          4,          4, 	      29499
iid:   356,          8,          4, 	      32565
iid:   357,         11,          5, 	      38241
iid:   358,         14,          5, 	      41488
iid:   359,          6,          6, 	      40943
iid:   360,          4,          4, 	      34996
iid:   361,          4,          4, 	      35986
iid:   362,         11,          4, 	      39283
iid:   363,          2,          6, 	      35632
iid:   364,         14,          5, 	      43457
iid:   365,          4,          3, 	      37477
iid:   366,          2,          7, 	      36480
iid:   367,         10,          4, 	      34276
iid:   368,         12,          3, 	      40477
iid:   369,          2,          7, 	      39213
iid:   370,          4,          4, 	      22958
iid:   371,         11,          4, 	      36246
iid:   372,          5,          3, 	      37872
iid:   373,          2,          5, 	      37398
iid:   374,          2,          5, 	      30354
iid:   375,         16,          4, 	      36605
iid:   376,          6,          6, 	      33861
iid:   377,         12,          4, 	      34835
iid:   378,          9,          4, 	      32428
iid:   379,          9,          5, 	      36214
iid:   380,          6,          4, 	      35103
iid:   381,          2,          5, 	      29341
iid:   382,          6,          5, 	      24371
iid:   383,          9,          6, 	      29521
iid:   384,          7,          4, 	      30072
iid:   385,         14,          5, 	      33959
iid:   386,          4,          4, 	      31014
iid:   387,         12,          6, 	      38807
iid:   388,          4,          4, 	      32305
iid:   389,          2,          4, 	      30859
iid:   390,         10,          5, 	      34612
iid:   391,          5,          5, 	      32649
iid:   392,          9,          6, 	      30953
iid:   393,          9,          4, 	      28855
iid:   394,          6,          4, 	      32296
iid:   395,         12,          6, 	      31686
iid:   396,          4,          4, 	      28677
iid:   397,          8,          6, 	      24724
iid:   398,         10,          4, 	      29754
iid:   399,          5,          6, 	      29894
iid:   400,          5,          4, 	      24976
iid:   401,         13,          5, 	      26763
iid:   402,         13,          6, 	      37526
iid:   403,          4,          5, 	      33413
iid:   404,          4,          6, 	      22660
iid:   405,          6,          5, 	      25767
iid:   406,         19,          4, 	      33730
iid:   407,          4,          5, 	      33186
iid:   408,          4,          8, 	      19548
iid:   409,         17,          4, 	      30036
iid:   410,          4,          4, 	      29326
iid:   411,          6,          5, 	      33653
iid:   412,         12,          6, 	      25635
iid:   413,          5,          3, 	      27289
iid:   414,          2,          5, 	      26634
iid:   415,          8,          4, 	      34075
iid:   416,         12,          6, 	      30057
iid:   417,          5,          4, 	      28022
iid:   418,          6,          6, 	      37968
iid:   419,          4,          4, 	      29009
iid:   420,         12,          5, 	      30130
iid:   421,          4,          5, 	      24138
iid:   422,         19,          4, 	      34331
iid:   423,          5,          6, 	      29293
iid:   424,          5,          6, 	      25459
iid:   425,          4,          4, 	      20623
iid:   426,          7,          6, 	      28235
iid:   427,         12,          4, 	      25029
iid:   428,          5,          4, 	      27840
iid:   429,         15,          6, 	      38123
iid:   430,          4,          6, 	      31189
iid:   431,          9,          6, 	      33553
iid:   432,          6,          5, 	      26535
iid:   433,          9,          5, 	      26380
iid:   434,         11,          4, 	      30332
iid:   435,          4,          4, 	      29168
iid:   436,         11,          6, 	      42708
iid:   437,          4,          3, 	      33349
iid:   438,          2,          6, 	      31674
iid:   439,          9,          4, 	      25628
iid:   440,         18,          5, 	      37972
iid:   441,          4,          5, 	      36373
iid:   442,          2,          4, 	      31482
iid:   443,          7,          4, 	      20922
iid:   444,         15,          6, 	      38062
iid:   445,          4,          5, 	      36787
iid:   446,          6,          7, 	      21112
iid:   447,         12,          4, 	      31886
iid:   448,          4,          4, 	      31530
iid:   449,          4,          4, 	      31321
iid:   450,        695,          5, 	    1478352
iid:   451,          7,          7, 	    1479433
iid:   452,          6,          4, 	    1482264
iid:   453,          5,          5, 	    1493212
iid:   454,          5,          7, 	    1486818
iid:   455,         18,          4, 	    1487023
iid:   456,          9,          4, 	    1491143
iid:   457,          5,          4, 	    1488873
iid:   458,          7,          4, 	    1492388
iid:   459,          8,         21, 	    1492457
iid:   460,          5,          4, 	      42110
iid:   461,          6,          4, 	      48262
iid:   462,          8,          9, 	      53238
iid:   463,          4,          4, 	      35308
iid:   464,          6,          5, 	      36942
iid:   465,          7,          4, 	      42957
iid:   466,          7,          6, 	      47580
iid:   467,          4,          5, 	      42730
iid:   468,          6,          4, 	      37646
iid:   469,          6,          5, 	      43357
iid:   470,          4,          6, 	      48228
iid:   471,         10,          5, 	      45526
iid:   472,          5,          4, 	      43113
iid:   473,          4,          4, 	      40885
iid:   474,          6,          7, 	      50914
iid:   475,          6,          5, 	      42834
iid:   476,          6,          4, 	      40964
iid:   477,          7,          5, 	      47573
iid:   478,          6,          5, 	      45058
iid:   479,          6,          5, 	      48594
iid:   480,          9,          6, 	      43344
iid:   481,          4,          5, 	      46388
iid:   482,          5,          5, 	      44692
iid:   483,          6,          7, 	      48958
iid:   484,          7,          4, 	      35855
iid:   485,          6,          4, 	      44253
iid:   486,          5,          4, 	      49273
iid:   487,          5,          7, 	      50107
iid:   488,          8,          5, 	      41400
iid:   489,          5,          4, 	      46453
iid:   490,          5,          4, 	      47565
iid:   491,          8,          7, 	      51058
iid:   492,          4,          4, 	      38527
iid:   493,          7,          4, 	      46048
iid:   494,          5,          7, 	      51844
iid:   495,          8,          5, 	      44583
iid:   496,          5,          4, 	      42592
iid:   497,          7,          4, 	      47804
iid:   498,          6,          7, 	      50779
iid:   499,          8,          5, 	      47939
iid:   500,          4,          5, 	      46586
iid:   501,          8,          5, 	      45823
iid:   502,          4,          5, 	      50562
iid:   503,          4,          5, 	      40773
iid:   504,          9,          5, 	      46833
iid:   505,          7,          5, 	      42295
iid:   506,          4,          5, 	      49137
iid:   507,          6,          6, 	      39034
iid:   508,          7,          5, 	      45748
iid:   509,          6,          4, 	      35763
iid:   510,          5,          5, 	      42608
iid:   511,          6,          6, 	      47067
iid:   512,          6,          5, 	      40663
iid:   513,         10,          4, 	      45951
iid:   514,          5,          5, 	      50288
iid:   515,          4,          5, 	      46084
iid:   516,          6,          5, 	      46377
iid:   517,          8,          7, 	      47030
iid:   518,          4,          4, 	      38781
iid:   519,          6,          5, 	      43931
iid:   520,          6,          5, 	      49554
iid:   521,          6,          5, 	      46351
iid:   522,          8,          5, 	      48533
iid:   523,          6,          5, 	      49069
iid:   524,          6,          5, 	      46805
iid:   525,          4,          5, 	      47741
iid:   526,          7,          5, 	      48170
iid:   527,          4,          5, 	      45685
iid:   528,          7,          5, 	      44283
iid:   529,          8,          5, 	      48540
iid:   530,          4,          4, 	      45865
iid:   531,          6,          6, 	      46455
iid:   532,          9,          5, 	      45531
iid:   533,          5,          5, 	      46396
iid:   534,          4,          5, 	      46121
iid:   535,          9,          7, 	      46237
iid:   536,          4,          4, 	      42970
iid:   537,          6,          4, 	      43708
iid:   538,          6,          7, 	      46746
iid:   539,          6,          4, 	      41553
iid:   540,          6,          5, 	      45202
iid:   541,          6,          5, 	      47922
iid:   542,          6,          5, 	      46715
iid:   543,          8,          5, 	      46270
iid:   544,          4,          5, 	      47198
iid:   545,          7,          5, 	      49079
iid:   546,          4,          5, 	      47105
iid:   547,          9,          5, 	      49887
iid:   548,          6,          5, 	      49323
iid:   549,          4,          4, 	      46436
iid:   550,          5,          6, 	      50545
iid:   551,          9,          5, 	      48548
iid:   552,          5,          5, 	      45985
iid:   553,          9,          4, 	      48913
iid:   554,          6,          8, 	      49393
iid:   555,          5,          4, 	      42121
iid:   556,          4,          5, 	      44340
iid:   557,          8,          6, 	      47194
iid:   558,          4,          5, 	      34816
iid:   559,          8,          4, 	      42323
iid:   560,          4,          6, 	      44508
iid:   561,          8,          4, 	      42447
iid:   562,          4,          5, 	      42208
iid:   563,          8,          5, 	      45851
iid:   564,          4,          5, 	      45975
iid:   565,          9,          5, 	      43890
iid:   566,          5,          5, 	      43138
iid:   567,          5,          5, 	      43670
iid:   568,          7,          5, 	      47313
iid:   569,          4,          6, 	      41556
iid:   570,          9,          4, 	      43492
iid:   571,          6,          4, 	      43566
iid:   572,          4,          6, 	      45361
iid:   573,          9,          6, 	      46786
iid:   574,          4,          5, 	      43585
iid:   575,          7,          5, 	      44511
iid:   576,          4,          4, 	      45421
iid:   577,          8,          7, 	      45848
iid:   578,          7,          5, 	      40326
iid:   579,          4,          4, 	      38293
iid:   580,          5,          5, 	      47027
iid:   581,          8,          5, 	      45325
iid:   582,          4,          6, 	      41924
iid:   583,          7,          4, 	      40140
iid:   584,          6,          5, 	      46042
iid:   585,          8,          5, 	      48486
iid:   586,          4,          6, 	      43508
iid:   587,          8,          4, 	      42866
iid:   588,          5,          4, 	      44230
iid:   589,          6,          7, 	      50409
iid:   590,          4,          5, 	      42472
iid:   591,          9,          5, 	      44512
iid:   592,          6,          4, 	      48243
iid:   593,          5,          7, 	      49161
iid:   594,          9,          5, 	      47033
iid:   595,          4,          4, 	      42102
iid:   596,          4,          5, 	      45105
iid:   597,          8,          4, 	      49625
iid:   598,          4,          7, 	      46450
iid:   599,          5,          4, 	      37950
iid:   600,         10,          5, 	      44765
iid:   601,          4,          5, 	      48918
iid:   602,          9,          4, 	      47404
iid:   603,          4,          7, 	      43354
iid:   604,          7,          5, 	      30117
iid:   605,          5,          5, 	      41475
iid:   606,          7,          6, 	      44423
iid:   607,          4,          5, 	      33234
iid:   608,          8,          4, 	      33857
iid:   609,          5,          4, 	      35376
iid:   610,          4,          6, 	      43759
iid:   611,         10,          6, 	      44366
iid:   612,          4,          4, 	      37632
iid:   613,          7,          4, 	      39423
iid:   614,          6,          7, 	      45644
iid:   615,          4,          5, 	      42236
iid:   616,          9,          4, 	      41641
iid:   617,          4,          5, 	      40725
iid:   618,          7,          5, 	      40405
iid:   619,          6,          6, 	      45563
iid:   620,          6,          5, 	      43104
iid:   621,          5,          4, 	      38944
iid:   622,          7,          5, 	      41514
iid:   623,          6,          5, 	      43565
iid:   624,          5,          6, 	      45263
iid:   625,          9,          4, 	      45087
iid:   626,          4,          5, 	      39246
iid:   627,          7,          5, 	      46282
iid:   628,          4,          6, 	      43758
iid:   629,          6,          6, 	      42253
iid:   630,          9,          4, 	      45536
iid:   631,          5,          5, 	      39882
iid:   632,          6,          5, 	      49653
iid:   633,          4,          6, 	      40670
iid:   634,          9,          5, 	      45688
iid:   635,          4,          4, 	      36386
iid:   636,          6,          5, 	      40123
iid:   637,          5,          5, 	      46168
iid:   638,          8,          6, 	      41623
iid:   639,          7,          4, 	      44134
iid:   640,          5,          4, 	      41200
iid:   641,          5,          8, 	      47861
iid:   642,          4,          5, 	      38020
iid:   643,          9,          4, 	      37842
iid:   644,          4,          4, 	      36758
iid:   645,          7,          4, 	      42123
iid:   646,         10,          7, 	      47439
iid:   647,          4,          4, 	      37843
iid:   648,          6,          5, 	      44527
iid:   649,          6,          4, 	      43239
iid:   650,          6,          9, 	      46281
iid:   651,          6,          4, 	      39155
iid:   652,          4,          4, 	      37651
iid:   653,          8,          5, 	      41246
iid:   654,          6,          5, 	      44981
iid:   655,          4,          5, 	      44700
iid:   656,          7,          5, 	      40433
iid:   657,          7,          5, 	      44271
iid:   658,          6,          5, 	      40753
iid:   659,          6,          6, 	      45019
iid:   660,          6,          5, 	      42234
iid:   661,          7,          4, 	      37064
iid:   662,          5,          5, 	      42066
iid:   663,          5,          5, 	      44441
iid:   664,          9,          6, 	      45800
iid:   665,          4,          5, 	      36095
iid:   666,          7,          4, 	      42266
iid:   667,          6,          4, 	      43356
iid:   668,          7,          8, 	      44640
iid:   669,          4,          5, 	      38352
iid:   670,          6,          4, 	      34313
iid:   671,          7,          5, 	      40080
iid:   672,          6,          6, 	      43233
iid:   673,          7,          5, 	      41935
iid:   674,          5,          5, 	      39344
iid:   675,          4,          4, 	      34009
iid:   676,          5,          5, 	      42099
iid:   677,          9,          6, 	      43003
iid:   678,          7,          4, 	      36251
iid:   679,          4,          4, 	      37803
iid:   680,          7,          6, 	      46513
iid:   681,          4,          5, 	      41167
iid:   682,          8,          6, 	      42909
iid:   683,          6,          5, 	      44146
iid:   684,          4,          4, 	      35694
iid:   685,         10,          5, 	      40919
iid:   686,          8,          5, 	      44134
iid:   687,          4,          5, 	      44668
iid:   688,          6,          5, 	      45261
iid:   689,          4,          7, 	      41737
iid:   690,          5,          4, 	      37814
iid:   691,          6,          6, 	      38338
iid:   692,          9,          5, 	      42542
iid:   693,          6,          4, 	      39058
iid:   694,          6,          5, 	      44317
iid:   695,          7,          5, 	      44478
iid:   696,          4,          6, 	      44019
iid:   697,          6,          5, 	      43338
iid:   698,          4,          5, 	      36208
iid:   699,          8,          4, 	      41360
iid:   700,          9,          5, 	      45498
iid:   701,          4,          5, 	      42772
iid:   702,          6,          5, 	      42151
iid:   703,          5,          5, 	      43256
iid:   704,          4,          5, 	      40253
iid:   705,         10,          6, 	      38666
iid:   706,          4,          5, 	      42201
iid:   707,          7,          4, 	      39091
iid:   708,          7,          6, 	      39974
iid:   709,          4,          6, 	      39653
iid:   710,          7,          3, 	      38648
iid:   711,          2,          5, 	      37595
iid:   712,         10,          6, 	      44781
iid:   713,          4,          5, 	      42876
iid:   714,          4,          4, 	      35709
iid:   715,          8,          5, 	      43300
iid:   716,          4,          6, 	      39954
iid:   717,          5,          4, 	      37998
iid:   718,          9,          4, 	      42756
iid:   719,          6,          6, 	      42995
iid:   720,          6,          4, 	      38144
iid:   721,          6,          6, 	      38846
iid:   722,          4,          5, 	      39176
iid:   723,          7,          5, 	      37587
iid:   724,          7,          5, 	      40731
iid:   725,          4,          5, 	      39402
iid:   726,          9,          4, 	      39766
iid:   727,          5,          5, 	      40348
iid:   728,          6,          6, 	      43750
iid:   729,          6,          5, 	      42776
iid:   730,          4,          6, 	      38245
iid:   731,          9,          4, 	      37197
iid:   732,          7,          5, 	      42734
iid:   733,          5,          5, 	      44341
iid:   734,          6,          5, 	      42368
iid:   735,          4,          6, 	      38660
iid:   736,          7,          6, 	      37911
iid:   737,          6,          4, 	      38521
iid:   738,          4,          5, 	      38444
iid:   739,          9,          4, 	      40693
iid:   740,          5,          5, 	      41470
iid:   741,          5,          5, 	      39578
iid:   742,          8,          6, 	      42671
iid:   743,          7,          5, 	      39813
iid:   744,          6,          4, 	      38934
iid:   745,          5,          5, 	      39905
iid:   746,          4,          6, 	      39200
iid:   747,          9,          6, 	      37857
iid:   748,          4,          5, 	      34027
iid:   749,          8,          4, 	      41187
iid:   750,          8,          6, 	      43821
iid:   751,          4,          5, 	      37570
iid:   752,          6,          6, 	      38213
iid:   753,          4,          4, 	      33432
iid:   754,          6,          6, 	      40484
iid:   755,          9,          4, 	      35084
iid:   756,          5,          5, 	      41009
iid:   757,          6,          4, 	      39257
iid:   758,          5,          6, 	      45408
iid:   759,          4,          6, 	      39075
iid:   760,          8,          4, 	      33774
iid:   761,          6,          5, 	      40601
iid:   762,          8,          4, 	      36323
iid:   763,          5,          6, 	      43362
iid:   764,          4,          4, 	      35722
iid:   765,          7,          5, 	      39222
iid:   766,          4,          7, 	      38647
iid:   767,          7,          4, 	      36021
iid:   768,         10,          5, 	      35127
iid:   769,          6,          4, 	      36366
iid:   770,          5,          6, 	      42316
iid:   771,          7,          5, 	      44749
iid:   772,          4,          7, 	      42793
iid:   773,          6,          5, 	      36104
iid:   774,          6,          4, 	      31494
iid:   775,          6,          4, 	      38940
iid:   776,         10,          5, 	      45918
iid:   777,          4,          5, 	      43053
iid:   778,          5,          5, 	      39511
iid:   779,          6,          5, 	      40825
iid:   780,          6,          6, 	      38463
iid:   781,          9,          6, 	      40676
iid:   782,          4,          4, 	      31545
iid:   783,          5,          5, 	      41781
iid:   784,          4,          4, 	      34815
iid:   785,          2,          5, 	      33352
iid:   786,         10,          6, 	      34144
iid:   787,          5,          4, 	      38878
iid:   788,          7,          5, 	      42839
iid:   789,          7,          5, 	      39435
iid:   790,          4,          5, 	      38450
iid:   791,          5,          4, 	      42047
iid:   792,          7,          6, 	      42078
iid:   793,          7,          5, 	      40638
iid:   794,          4,          4, 	      34983
iid:   795,          9,          4, 	      38070
iid:   796,          6,          6, 	      41811
iid:   797,          4,          6, 	      41385
iid:   798,          7,          5, 	      41549
iid:   799,          9,          3, 	      40067
iid:   800,          2,          5, 	      39014
iid:   801,          6,          5, 	      40396
iid:   802,          4,          6, 	      41264
iid:   803,          6,          4, 	      39106
iid:   804,          7,          4, 	      37936
iid:   805,          2,          5, 	      36537
iid:   806,          7,          5, 	      41069
iid:   807,          6,          5, 	      41308
iid:   808,          6,          5, 	      41227
iid:   809,          4,          3, 	      35444
iid:   810,          2,          6, 	      30820
iid:   811,          9,          5, 	      39304
iid:   812,          7,          5, 	      40142
iid:   813,          6,          5, 	      40688
iid:   814,          8,          3, 	      38215
iid:   815,          2,          5, 	      37150
iid:   816,          4,          6, 	      38590
iid:   817,          5,          5, 	      38898
iid:   818,          8,          5, 	      35251
iid:   819,          8,          3, 	      34166
iid:   820,          2,          4, 	      33678
iid:   821,          4,          4, 	      39308
iid:   822,          6,          7, 	      40935
iid:   823,          6,          4, 	      34868
iid:   824,          6,          4, 	      35078
iid:   825,          2,          4, 	      31146
iid:   826,         10,          5, 	      40127
iid:   827,          6,          5, 	      42215
iid:   828,          6,          5, 	      42561
iid:   829,          5,          3, 	      37359
iid:   830,          2,          6, 	      35670
iid:   831,          9,          6, 	      43363
iid:   832,          4,          4, 	      35691
iid:   833,          7,          5, 	      36638
iid:   834,          4,          4, 	      35196
iid:   835,          7,          5, 	      37616
iid:   836,          7,          6, 	      40488
iid:   837,          4,          4, 	      35495
iid:   838,          7,          5, 	      32900
iid:   839,          4,          5, 	      34395
iid:   840,          5,          6, 	      33663
iid:   841,          8,          4, 	      34027
iid:   842,          5,          5, 	      38245
iid:   843,          4,          4, 	      33667
iid:   844,         13,          6, 	      40586
iid:   845,          4,          5, 	      35959
iid:   846,          4,          4, 	      34802
iid:   847,          8,          6, 	      40170
iid:   848,          6,          5, 	      36378
iid:   849,          5,          4, 	      33542
iid:   850,          7,          6, 	      36193
iid:   851,          4,          7, 	      39397
iid:   852,          8,          5, 	      35333
iid:   853,          4,          4, 	      30196
iid:   854,         10,          4, 	      37250
iid:   855,          4,          5, 	      36304
iid:   856,          4,          7, 	      38728
iid:   857,          8,          4, 	      35941
iid:   858,          4,          4, 	      31035
iid:   859,          7,          5, 	      33501
iid:   860,          6,          5, 	      30775
iid:   861,          6,          7, 	      40563
iid:   862,          6,          4, 	      37325
iid:   863,          9,          5, 	      41495
iid:   864,          4,          4, 	      33292
iid:   865,          2,          5, 	      28135
iid:   866,          8,          5, 	      38239
iid:   867,          5,          5, 	      40285
iid:   868,          8,          4, 	      37741
iid:   869,          4,          5, 	      33590
iid:   870,          4,          7, 	      34194
iid:   871,          7,          4, 	      33270
iid:   872,          9,          4, 	      39590
iid:   873,          7,          3, 	      37209
iid:   874,          2,          5, 	      35061
iid:   875,          6,          6, 	      41666
iid:   876,          6,          6, 	      43847
iid:   877,          8,          4, 	      44643
iid:   878,          2,          5, 	      35052
iid:   879,          4,          3, 	      34527
iid:   880,          2,          5, 	      33456
iid:   881,          8,          5, 	      39641
iid:   882,          5,          5, 	      36457
iid:   883,          4,          4, 	      33382
iid:   884,          9,          4, 	      39482
iid:   885,          4,          7, 	      34278
iid:   886,          6,          4, 	      32689
iid:   887,          7,          4, 	      30864
iid:   888,          8,          4, 	      35109
iid:   889,          2,          3, 	      33469
iid:   890,          3,          6, 	      33074
iid:   891,          4,          6, 	      36793
iid:   892,          8,          4, 	      35865
iid:   893,          4,          5, 	      36170
iid:   894,         10,          3, 	      37976
iid:   895,          2,          4, 	      34364
iid:   896,          4,          7, 	      41325
iid:   897,          8,          5, 	      40723
iid:   898,          6,          4, 	      32919
iid:   899,          8,          4, 	      35108
iid:   900,          4,          5, 	      34589
iid:   901,          4,          6, 	      41563
iid:   902,          8,          4, 	      38451
iid:   903,          5,          5, 	      36114
iid:   904,          5,          4, 	      31822
iid:   905,          8,          6, 	      42480
iid:   906,          4,          6, 	      37211
iid:   907,          8,          5, 	      36859
iid:   908,          4,          3, 	      30447
iid:   909,          2,          4, 	      29850
iid:   910,          9,          6, 	      39492
iid:   911,          4,          5, 	      37802
iid:   912,          5,          5, 	      29884
iid:   913,         12,          4, 	      35396
iid:   914,          4,          7, 	      35093
iid:   915,          4,          4, 	      28697
iid:   916,          4,          6, 	      30164
iid:   917,         10,          3, 	      35988
iid:   918,          2,          4, 	      35306
iid:   919,          4,          6, 	      34791
iid:   920,          9,          6, 	      40933
iid:   921,          6,          3, 	      39585
iid:   922,          2,          4, 	      37574
iid:   923,          6,          4, 	      33613
iid:   924,          8,          8, 	      40672
iid:   925,          4,          4, 	      35361
iid:   926,          8,          3, 	      38543
iid:   927,          2,          3, 	      30939
iid:   928,          2,          4, 	      30447
iid:   929,          6,          7, 	      32176
iid:   930,          6,          4, 	      32133
iid:   931,          7,          3, 	      35371
iid:   932,          2,          5, 	      34895
iid:   933,          6,          5, 	      35572
iid:   934,          7,          5, 	      30173
iid:   935,          6,          5, 	      38965
iid:   936,          4,          4, 	      31368
iid:   937,          9,          4, 	      36878
iid:   938,          2,          4, 	      32955
iid:   939,          4,          7, 	      31709
iid:   940,          9,          5, 	      39601
iid:   941,          4,          4, 	      29503
iid:   942,          6,          3, 	      31717
iid:   943,          2,          4, 	      31069
iid:   944,          5,          8, 	      31587
iid:   945,          9,          4, 	      36310
iid:   946,          4,          4, 	      27614
iid:   947,         11,          4, 	      33761
iid:   948,          4,          3, 	      33054
iid:   949,          2,          7, 	      32406
iid:   950,          8,          5, 	      39305
iid:   951,          4,          4, 	      29027
iid:   952,          5,          4, 	      33234
iid:   953,          7,          3, 	      35091
iid:   954,          2,          8, 	      34437
iid:   955,         10,          4, 	      33997
iid:   956,          4,          4, 	      26537
iid:   957,          8,          4, 	      33928
iid:   958,          4,          4, 	      33402
iid:   959,          2,          7, 	      32521
iid:   960,          9,          5, 	      35566
iid:   961,          4,          4, 	      36888
iid:   962,          5,          5, 	      32018
iid:   963,          7,          3, 	      34174
iid:   964,          2,          5, 	      33209
iid:   965,          7,          6, 	      38613
iid:   966,          6,          4, 	      40096
iid:   967,          5,          5, 	      31464
iid:   968,          6,          4, 	      33701
iid:   969,          4,          6, 	      32602
iid:   970,          7,          5, 	      36990
iid:   971,          8,          4, 	      36118
iid:   972,          7,          5, 	      41155
iid:   973,          7,          3, 	      38848
iid:   974,          2,          5, 	      34728
iid:   975,          5,          7, 	      39988
iid:   976,          8,          5, 	      41473
iid:   977,          4,          4, 	      30286
iid:   978,          6,          4, 	      29538
iid:   979,          8,          5, 	      36511
iid:   980,          4,          4, 	      34909
iid:   981,          9,          7, 	      40547
iid:   982,          4,          5, 	      34784
iid:   983,          5,          4, 	      32029
iid:   984,          7,          6, 	      35501
iid:   985,          5,          5, 	      30545
iid:   986,          8,          6, 	      34453
iid:   987,          4,          4, 	      34143
iid:   988,          6,          6, 	      32989
iid:   989,          7,          5, 	      31672
iid:   990,          5,          5, 	      33624
iid:   991,          8,          4, 	      37640
iid:   992,          5,          5, 	      40434
iid:   993,          5,          6, 	      29848
iid:   994,          8,          4, 	      36692
iid:   995,          6,          6, 	      41866
iid:   996,          4,          4, 	      32417
iid:   997,         10,          5, 	      37961
iid:   998,          4,          4, 	      36325
iid:   999,          4,          7, 	      33852
iid:  1000,          4,          4, 	      39670
iid:  1001,          4,          8, 	      35155
iid:  1002,          4,          4, 	      30152
iid:  1003,         13,          3, 	      65301
iid:  1004,          2,          7, 	      54331
iid:  1005,          9,          3, 	      59531
iid:  1006,          2,          4, 	      58936
iid:  1007,          4,          5, 	      48106
iid:  1008,          5,          4, 	      60399
iid:  1009,          4,          5, 	      61464
iid:  1010,          2,          4, 	      53261
iid:  1011,         10,          4, 	      62105
iid:  1012,          5,          7, 	      67289
iid:  1013,          5,          3, 	      39197
iid:  1014,          2,          4, 	      31376
iid:  1015,          9,          4, 	      44743
iid:  1016,          5,          4, 	      51115
iid:  1017,          4,          6, 	      51146
iid:  1018,          2,          4, 	      37448
iid:  1019,         10,          4, 	      51234
iid:  1020,          5,          5, 	      58042
iid:  1021,          4,          6, 	      48461
iid:  1022,          9,          4, 	      39688
iid:  1023,          5,          4, 	      53735
iid:  1024,          5,          5, 	      56613
iid:  1025,          6,          6, 	      48449
iid:  1026,          8,          4, 	      50377
iid:  1027,          5,          4, 	      53934
iid:  1028,          5,          5, 	      55799
iid:  1029,          9,          7, 	      50878
iid:  1030,          4,          4, 	      47983
iid:  1031,          5,          4, 	      53597
iid:  1032,          6,          7, 	      55564
iid:  1033,         10,          4, 	      44444
iid:  1034,          4,          4, 	      51900
iid:  1035,          5,          6, 	      59663
iid:  1036,          6,          6, 	      50220
iid:  1037,          2,          4, 	      40811
iid:  1038,          9,          4, 	      52546
iid:  1039,          5,          5, 	      55465
iid:  1040,          6,          7, 	      50693
iid:  1041,          4,          4, 	      41053
iid:  1042,          8,          4, 	      53797
iid:  1043,          5,          5, 	      54518
iid:  1044,          6,          6, 	      47497
iid:  1045,          9,          4, 	      42619
iid:  1046,          4,          4, 	      49785
iid:  1047,          5,          6, 	      54657
iid:  1048,          9,          6, 	      49530
iid:  1049,          6,          4, 	      46229
iid:  1050,          5,          4, 	      51636
iid:  1051,          5,          6, 	      55600
iid:  1052,          9,          7, 	      50413
iid:  1053,          4,          4, 	      38442
iid:  1054,          6,          4, 	      48171
iid:  1055,          5,          6, 	      52057
iid:  1056,          7,          5, 	      47764
iid:  1057,          7,          5, 	      45078
iid:  1058,          5,          4, 	      49474
iid:  1059,          5,          6, 	      54461
iid:  1060,          9,          6, 	      48663
iid:  1061,          4,          4, 	      48177
iid:  1062,          6,          4, 	      49787
iid:  1063,          5,          6, 	      53416
iid:  1064,          9,          5, 	      49169
iid:  1065,          4,          5, 	      50084
iid:  1066,          7,          4, 	      50255
iid:  1067,          8,          7, 	      54478
iid:  1068,          4,          4, 	      41706
iid:  1069,          6,          6, 	      49567
iid:  1070,          6,          4, 	      54106
iid:  1071,          5,          6, 	      50554
iid:  1072,          9,          5, 	      48854
iid:  1073,          4,          5, 	      48879
iid:  1074,          6,          4, 	      52620
iid:  1075,          5,          7, 	      49881
iid:  1076,          8,          4, 	      44382
iid:  1077,          5,          5, 	      47119
iid:  1078,          6,          4, 	      53534
iid:  1079,          5,          7, 	      47224
iid:  1080,          9,          4, 	      44447
iid:  1081,          4,          5, 	      45849
iid:  1082,          6,          4, 	      53512
iid:  1083,          7,          7, 	      50316
iid:  1084,          7,          4, 	      43510
iid:  1085,          5,          5, 	      45654
iid:  1086,          6,          5, 	      52201
iid:  1087,          5,          7, 	      46995
iid:  1088,          9,          4, 	      44038
iid:  1089,          4,          5, 	      49423
iid:  1090,          5,          4, 	      50997
iid:  1091,          6,          7, 	      50948
iid:  1092,          6,          4, 	      39583
iid:  1093,          7,          4, 	      48300
iid:  1094,          5,          5, 	      53947
iid:  1095,         10,          7, 	      50641
iid:  1096,          4,          4, 	      40723
iid:  1097,          5,          4, 	      50881
iid:  1098,          7,          6, 	      52873
iid:  1099,          9,          6, 	      50200
iid:  1100,          4,          4, 	      43869
iid:  1101,          5,          4, 	      50120
iid:  1102,          8,          5, 	      52873
iid:  1103,          6,          8, 	      49764
iid:  1104,          6,          4, 	      40625
iid:  1105,          5,          4, 	      48556
iid:  1106,          8,          6, 	      53314
iid:  1107,          4,          6, 	      46017
iid:  1108,          5,          4, 	      43245
iid:  1109,          7,          4, 	      46453
iid:  1110,          6,          7, 	      51630
iid:  1111,          7,          4, 	      43983
iid:  1112,          5,          5, 	      44548
iid:  1113,          7,          4, 	      48015
iid:  1114,          4,          6, 	      48527
iid:  1115,          6,          6, 	      45660
iid:  1116,          6,          4, 	      45332
iid:  1117,          7,          5, 	      40057
iid:  1118,          6,          5, 	      48736
iid:  1119,          6,          5, 	      46023
iid:  1120,          9,          6, 	      46890
iid:  1121,          5,          5, 	      42485
iid:  1122,          4,          5, 	      50167
iid:  1123,          8,          6, 	      49697
iid:  1124,          6,          5, 	      43649
iid:  1125,          4,          4, 	      42470
iid:  1126,          6,          5, 	      50877
iid:  1127,          8,          5, 	      48949
iid:  1128,          6,          5, 	      48723
iid:  1129,          4,          5, 	      44612
iid:  1130,          7,          4, 	      52081
iid:  1131,          4,          6, 	      48880
iid:  1132,          7,          5, 	      44380
iid:  1133,          6,          5, 	      46840
iid:  1134,          7,          4, 	      39144
iid:  1135,          4,          6, 	      47447
iid:  1136,         10,          5, 	      46687
iid:  1137,          6,          5, 	      46830
iid:  1138,          4,          4, 	      40634
iid:  1139,          8,          8, 	      50635
iid:  1140,          4,          4, 	      42799
iid:  1141,          8,          5, 	      43725
iid:  1142,          6,          5, 	      46766
iid:  1143,          4,          5, 	      43219
iid:  1144,          5,          5, 	      47207
iid:  1145,          9,          5, 	      44353
iid:  1146,          4,          5, 	      46395
iid:  1147,          8,          4, 	      44713
iid:  1148,          4,          7, 	      49934
iid:  1149,          6,          4, 	      39777
iid:  1150,          8,          5, 	      45790
iid:  1151,          6,          5, 	      46835
iid:  1152,          4,          5, 	      49824
iid:  1153,         12,          5, 	      50596
iid:  1154,          4,          5, 	      46088
iid:  1155,          5,          5, 	      48498
iid:  1156,          5,          4, 	      49353
iid:  1157,          4,          7, 	      46424
iid:  1158,          9,          6, 	      40141
iid:  1159,          4,          4, 	      43510
iid:  1160,          8,          4, 	      47501
iid:  1161,          4,          7, 	      46716
iid:  1162,         10,          4, 	      42889
iid:  1163,          4,          5, 	      41925
iid:  1164,          6,          5, 	      44643
iid:  1165,          5,          6, 	      45485
iid:  1166,          8,          5, 	      42943
iid:  1167,          5,          4, 	      36059
iid:  1168,          4,          5, 	      43229
iid:  1169,         10,          5, 	      46879
iid:  1170,          5,          5, 	      46306
iid:  1171,          5,          5, 	      42167
iid:  1172,          6,          5, 	      45108
iid:  1173,          5,          7, 	      42621
iid:  1174,          6,          4, 	      41487
iid:  1175,          4,          4, 	      40838
iid:  1176,          8,          5, 	      38533
iid:  1177,          8,          4, 	      47330
iid:  1178,          5,          8, 	      48129
iid:  1179,          8,          4, 	      44627
iid:  1180,          4,          5, 	      37935
iid:  1181,          7,          5, 	      45582
iid:  1182,          6,          4, 	      41991
iid:  1183,          7,          7, 	      47407
iid:  1184,          4,          5, 	      37376
iid:  1185,          7,          4, 	      41223
iid:  1186,          4,          5, 	      41219
iid:  1187,          9,          6, 	      45825
iid:  1188,          5,          5, 	      42378
iid:  1189,          7,          4, 	      41079
iid:  1190,          5,          5, 	      41501
iid:  1191,          5,          6, 	      46193
iid:  1192,          9,          4, 	      43055
iid:  1193,          4,          6, 	      37813
iid:  1194,          7,          4, 	      44251
iid:  1195,          6,          4, 	      45149
iid:  1196,          6,          8, 	      44927
iid:  1197,          7,          4, 	      38265
iid:  1198,          4,          5, 	      40278
iid:  1199,          5,          5, 	      43003
iid:  1200,          7,          5, 	      42894
iid:  1201,          8,          6, 	      44886
iid:  1202,          6,          4, 	      40034
iid:  1203,          5,          5, 	      42215
iid:  1204,          6,          5, 	      45381
iid:  1205,          6,          6, 	      44763
iid:  1206,          4,          5, 	      40017
iid:  1207,          8,          4, 	      41489
iid:  1208,          6,          5, 	      44638
iid:  1209,          7,          5, 	      45038
iid:  1210,          6,          5, 	      45640
iid:  1211,          5,          5, 	      41446
iid:  1212,          6,          5, 	      43069
iid:  1213,          4,          6, 	      41505
iid:  1214,         10,          5, 	      42613
iid:  1215,          6,          4, 	      38690
iid:  1216,          5,          5, 	      39993
iid:  1217,          6,          6, 	      45754
iid:  1218,          6,          6, 	      44216
iid:  1219,          6,          5, 	      42583
iid:  1220,          4,          4, 	      37072
iid:  1221,          7,          5, 	      43164
iid:  1222,          4,          5, 	      43707
iid:  1223,          9,          5, 	      44172
iid:  1224,          7,          5, 	      44180
iid:  1225,          5,          4, 	      44414
iid:  1226,          6,          6, 	      48355
iid:  1227,          8,          5, 	      46079
iid:  1228,          4,          6, 	      41560
iid:  1229,          4,          4, 	      40841
iid:  1230,          7,          5, 	      41709
iid:  1231,          4,          5, 	      45688
iid:  1232,          8,          5, 	      42718
iid:  1233,          9,          5, 	      46981
iid:  1234,          4,          4, 	      42877
iid:  1235,          7,          7, 	      47670
iid:  1236,          4,          6, 	      40454
iid:  1237,          7,          5, 	      40244
iid:  1238,          7,          4, 	      40739
iid:  1239,          4,          5, 	      39606
iid:  1240,          9,          5, 	      45422
iid:  1241,          6,          4, 	      41548
iid:  1242,          6,          6, 	      46188
iid:  1243,          5,          5, 	      41143
iid:  1244,          5,          6, 	      45239
iid:  1245,          7,          6, 	      41284
iid:  1246,          4,          4, 	      36202
iid:  1247,          8,          4, 	      43547
iid:  1248,          6,          4, 	      42715
iid:  1249,          4,          6, 	      42248
iid:  1250,          9,          5, 	      44408
iid:  1251,          4,          5, 	      39764
iid:  1252,         10,          5, 	      43551
iid:  1253,          4,          6, 	      38386
iid:  1254,          7,          5, 	      43638
iid:  1255,          4,          4, 	      36237
iid:  1256,          7,          7, 	      39857
iid:  1257,          6,          4, 	      40033
iid:  1258,          7,          6, 	      39232
iid:  1259,          6,          4, 	      42863
iid:  1260,          4,          5, 	      39556
iid:  1261,          7,          5, 	      42156
iid:  1262,          6,          6, 	      40792
iid:  1263,          6,          5, 	      42208
iid:  1264,          6,          4, 	      37258
iid:  1265,          6,          5, 	      38732
iid:  1266,          4,          5, 	      42472
iid:  1267,          8,          5, 	      39854
iid:  1268,          8,          6, 	      44449
iid:  1269,          6,          4, 	      42473
iid:  1270,          4,          5, 	      44469
iid:  1271,          4,          5, 	      42834
iid:  1272,         14,          7, 	      48957
iid:  1273,          4,          4, 	      35787
iid:  1274,          4,          4, 	      34726
iid:  1275,          9,          6, 	      48835
iid:  1276,          4,          5, 	      47883
iid:  1277,          4,          5, 	      37158
iid:  1278,          5,          6, 	      36582
iid:  1279,          9,          7, 	      34715
iid:  1280,          5,          4, 	      33750
iid:  1281,          5,          4, 	      38013
iid:  1282,          5,          7, 	      27422
iid:  1283,          8,          4, 	      32096
iid:  1284,          7,          5, 	      36870
iid:  1285,          4,          4, 	      28145
iid:  1286,          7,          6, 	      32624
iid:  1287,          6,          4, 	      37278
iid:  1288,          5,          6, 	      39113
iid:  1289,          6,          4, 	      38268
iid:  1290,          4,          5, 	      37993
iid:  1291,          9,          5, 	      38219
iid:  1292,          6,          4, 	      39289
iid:  1293,          4,          5, 	      38772
iid:  1294,          8,          5, 	      44287
iid:  1295,          7,          6, 	      45771
iid:  1296,          6,          5, 	      40551
iid:  1297,          5,          5, 	      42690
iid:  1298,          6,          6, 	      42916
iid:  1299,          4,          5, 	      38296
iid:  1300,          9,          5, 	      40078
iid:  1301,          6,          4, 	      43519
iid:  1302,          5,          5, 	      40186
iid:  1303,          7,          6, 	      43797
iid:  1304,          4,          5, 	      37887
iid:  1305,          7,          5, 	      37811
iid:  1306,          6,          4, 	      38446
iid:  1307,          6,          6, 	      37773
iid:  1308,          7,          4, 	      36785
iid:  1309,          7,          5, 	      38441
iid:  1310,          5,          5, 	      41907
iid:  1311,          7,          5, 	      39179
iid:  1312,          6,          6, 	      42589
iid:  1313,          5,          6, 	      37817
iid:  1314,          6,          4, 	      35755
iid:  1315,          7,          6, 	      38452
iid:  1316,          6,          5, 	      38075
iid:  1317,          5,          4, 	      38214
iid:  1318,          7,          5, 	      42762
iid:  1319,          6,          6, 	      42506
iid:  1320,          5,          5, 	      34327
iid:  1321,          6,          4, 	      36073
iid:  1322,          6,          6, 	      41087
iid:  1323,          7,          5, 	      41176
iid:  1324,          7,          4, 	      38373
iid:  1325,          4,          5, 	      37547
iid:  1326,          6,          5, 	      41038
iid:  1327,          6,          6, 	      41116
iid:  1328,          7,          5, 	      41644
iid:  1329,          4,          4, 	      34232
iid:  1330,          6,          5, 	      41157
iid:  1331,          7,          5, 	      43890
iid:  1332,          4,          6, 	      39737
iid:  1333,         10,          5, 	      41408
iid:  1334,         10,          4, 	      48217
iid:  1335,          5,          4, 	      51119
iid:  1336,          2,          7, 	      45443
iid:  1337,          4,          5, 	      40702
iid:  1338,          9,          4, 	      43124
iid:  1339,          4,          4, 	      42144
iid:  1340,          7,          7, 	      45534
iid:  1341,          5,          4, 	      37262
iid:  1342,          5,          4, 	      39881
iid:  1343,          7,          7, 	      44375
iid:  1344,          4,          4, 	      33666
iid:  1345,          4,          6, 	      27605
iid:  1346,          4,          4, 	      29815
iid:  1347,         13,          5, 	      38210
iid:  1348,          4,          4, 	      35214
iid:  1349,          6,          6, 	      41677
iid:  1350,          4,          5, 	      39154
iid:  1351,          7,          4, 	      37730
iid:  1352,          4,          6, 	      37499
iid:  1353,          9,          5, 	      40515
iid:  1354,          7,          5, 	      35944
iid:  1355,          8,          4, 	      38692
iid:  1356,          5,          6, 	      43325
iid:  1357,          4,          5, 	      38235
iid:  1358,          6,          6, 	      39305
iid:  1359,          4,          5, 	      36518
iid:  1360,          8,          5, 	      35836
iid:  1361,          7,          4, 	      37705
iid:  1362,          4,          5, 	      37585
iid:  1363,          7,          5, 	      42276
iid:  1364,          9,          6, 	      42318
iid:  1365,          4,          5, 	      36817
iid:  1366,          5,          4, 	      37989
iid:  1367,          5,          5, 	      37853
iid:  1368,          8,          7, 	      44025
iid:  1369,          6,          3, 	      36844
iid:  1370,          2,          4, 	      30419
iid:  1371,          7,          4, 	      38644
iid:  1372,          5,          7, 	      37540
iid:  1373,         10,          5, 	      41262
iid:  1374,          6,          4, 	      39348
iid:  1375,          2,          4, 	      37641
iid:  1376,          6,          4, 	      42723
iid:  1377,          4,          9, 	      37154
iid:  1378,          7,          4, 	      33073
iid:  1379,          5,          4, 	      35800
iid:  1380,          4,          4, 	      35563
iid:  1381,         10,          4, 	      38319
iid:  1382,          4,          6, 	      44546
iid:  1383,          8,          4, 	      43689
iid:  1384,          5,          6, 	      37220
iid:  1385,          7,          4, 	      37350
iid:  1386,          4,          5, 	      35684
iid:  1387,          7,          6, 	      43929
iid:  1388,          8,          5, 	      43827
iid:  1389,          5,          3, 	      37703
iid:  1390,          2,          5, 	      32591
iid:  1391,          5,          6, 	      36637
iid:  1392,          8,          6, 	      38322
iid:  1393,          6,          4, 	      36975
iid:  1394,          4,          4, 	      30251
iid:  1395,          8,          4, 	      36296
iid:  1396,          4,          7, 	      35584
iid:  1397,          8,          5, 	      32965
iid:  1398,          7,          5, 	      35727
iid:  1399,          4,          5, 	      34065
iid:  1400,          7,          4, 	      33712
iid:  1401,          4,          6, 	      39640
iid:  1402,          7,          6, 	      39567
iid:  1403,          9,          4, 	      39699
iid:  1404,          4,          4, 	      38383
iid:  1405,          5,          4, 	      38598
iid:  1406,          6,          6, 	      42340
iid:  1407,          9,          5, 	      44543
iid:  1408,          4,          6, 	      39502
iid:  1409,          5,          4, 	      34524
iid:  1410,          7,          5, 	      39406
iid:  1411,          7,          6, 	      42086
iid:  1412,          7,          5, 	      41360
iid:  1413,          4,          4, 	      35585
iid:  1414,          6,          5, 	      36078
iid:  1415,          6,          4, 	      38587
iid:  1416,          7,          8, 	      39981
iid:  1417,          6,          4, 	      31679
iid:  1418,          4,          5, 	      32434
iid:  1419,          5,          5, 	      30346
iid:  1420,         10,          6, 	      40199
iid:  1421,          4,          5, 	      37260
iid:  1422,          7,          4, 	      38768
iid:  1423,          6,          6, 	      39345
iid:  1424,          7,          4, 	      38284
iid:  1425,          4,          5, 	      37696
iid:  1426,          6,          6, 	      40160
iid:  1427,          8,          5, 	      34883
iid:  1428,          6,          3, 	      35451
iid:  1429,          2,          5, 	      34574
iid:  1430,          8,          5, 	      39948
iid:  1431,          4,          7, 	      37255
iid:  1432,          6,          5, 	      36086
iid:  1433,          6,          4, 	      30528
iid:  1434,          5,          4, 	      33209
iid:  1435,          7,          5, 	      39741
iid:  1436,          5,          5, 	      38019
iid:  1437,          8,          5, 	      33790
iid:  1438,          4,          4, 	      34169
iid:  1439,          9,          6, 	      36591
iid:  1440,          4,          4, 	      33184
iid:  1441,          6,          7, 	      39591
iid:  1442,          8,          5, 	      40942
iid:  1443,          4,          3, 	      35244
iid:  1444,          2,          5, 	      33086
iid:  1445,         10,          5, 	      41932
iid:  1446,          4,          7, 	      39079
iid:  1447,          8,          4, 	      36929
iid:  1448,          4,          5, 	      32433
iid:  1449,          4,          4, 	      31707
iid:  1450,         11,          5, 	      42537
iid:  1451,          4,          5, 	      40561
iid:  1452,          5,          5, 	      31436
iid:  1453,          8,          5, 	      39533
iid:  1454,          4,          4, 	      37965
iid:  1455,         10,          7, 	      42501
iid:  1456,          4,          4, 	      38285
iid:  1457,          5,          5, 	      33874
iid:  1458,          6,          5, 	      34828
iid:  1459,          6,          5, 	      41262
iid:  1460,          5,          7, 	      33164
iid:  1461,          9,          5, 	      37988
iid:  1462,          5,          5, 	      29107
iid:  1463,          8,          4, 	      37335
iid:  1464,          4,          6, 	      33104
iid:  1465,          5,          6, 	      30731
iid:  1466,          8,          4, 	      33250
iid:  1467,          6,          4, 	      36974
iid:  1468,          4,          6, 	      36679
iid:  1469,          7,          4, 	      34797
iid:  1470,          4,          6, 	      35160
iid:  1471,          9,          4, 	      34272
iid:  1472,          5,          5, 	      37977
iid:  1473,          4,          4, 	      33441
iid:  1474,          8,          5, 	      41404
iid:  1475,          4,          6, 	      36651
iid:  1476,          6,          6, 	      37753
iid:  1477,          9,          4, 	      37042
iid:  1478,          6,          5, 	      37853
iid:  1479,          4,          4, 	      34086
iid:  1480,          8,          5, 	      42794
iid:  1481,          4,          8, 	      39190
iid:  1482,          8,          4, 	      37177
iid:  1483,          4,          4, 	      35920
iid:  1484,         11,          5, 	      38996
iid:  1485,          4,          5, 	      37915
iid:  1486,          4,          6, 	      40641
iid:  1487,          7,          4, 	      30789
iid:  1488,          5,          4, 	      32841
iid:  1489,          7,          8, 	      39079
iid:  1490,          4,          4, 	      29805
iid:  1491,          7,          6, 	      37113
iid:  1492,          8,          4, 	      35423
iid:  1493,          4,          5, 	      37288
iid:  1494,          5,          4, 	      31796
iid:  1495,          8,          6, 	      38591
iid:  1496,          4,          5, 	      38211
iid:  1497,          4,          5, 	      34135
iid:  1498,         10,          4, 	      39221
iid:  1499,          4,          4, 	      34291
iid:  1500,         11,          6, 	      41886
iid:  1501,          4,          6, 	      41215
iid:  1502,          5,          5, 	      36719
iid:  1503,          5,          4, 	      32569
iid:  1504,          4,          5, 	      33484
iid:  1505,         11,          8, 	      39681
iid:  1506,          4,          4, 	      35189
iid:  1507,          6,          4, 	      31288
iid:  1508,          6,          5, 	      37337
iid:  1509,          4,          6, 	      35857
iid:  1510,         11,          5, 	      37522
iid:  1511,          4,          5, 	      38591
iid:  1512,          5,          5, 	      33448
iid:  1513,          6,          4, 	      36783
iid:  1514,          4,          6, 	      36476
iid:  1515,          7,          6, 	      36330
iid:  1516,          8,          4, 	      35264
iid:  1517,          4,          5, 	      35082
iid:  1518,          7,          4, 	      37417
iid:  1519,          4,          5, 	      36701
iid:  1520,          7,          7, 	      40170
iid:  1521,         10,          5, 	      35744
iid:  1522,          4,          4, 	      29451
iid:  1523,          7,          4, 	      35515
iid:  1524,          7,          5, 	      39160
iid:  1525,          4,          6, 	      38664
iid:  1526,          7,          6, 	      40397
iid:  1527,          4,          5, 	      36871
iid:  1528,          7,          4, 	      36962
iid:  1529,          4,          6, 	      35583
iid:  1530,         10,          5, 	      40024
iid:  1531,          4,          4, 	      30610
iid:  1532,          8,          6, 	      36271
iid:  1533,          4,          6, 	      37549
iid:  1534,          5,          6, 	      31286
iid:  1535,          6,          6, 	      32587
iid:  1536,          6,          4, 	      28945
iid:  1537,          7,          4, 	      35719
iid:  1538,          9,          3, 	      39066
iid:  1539,          2,          4, 	      38025
iid:  1540,          6,          5, 	      41990
iid:  1541,          4,          6, 	      42961
iid:  1542,          9,          5, 	      43757
iid:  1543,          4,          4, 	      36343
iid:  1544,          5,          5, 	      34364
iid:  1545,          6,          5, 	      38474
iid:  1546,          7,          5, 	      36702
iid:  1547,          8,          7, 	      39904
iid:  1548,          4,          4, 	      31058
iid:  1549,          8,          4, 	      35542
iid:  1550,          4,          6, 	      35235
iid:  1551,          5,          6, 	      38688
iid:  1552,          8,          4, 	      33196
iid:  1553,          5,          5, 	      40488
iid:  1554,          5,          5, 	      33500
iid:  1555,          8,          4, 	      38164
iid:  1556,          4,          7, 	      38027
iid:  1557,          8,          4, 	      36723
iid:  1558,          5,          4, 	      40533
iid:  1559,          4,          6, 	      34877
iid:  1560,          5,          4, 	      32807
iid:  1561,          8,          5, 	      36733
iid:  1562,         11,          5, 	      41293
iid:  1563,          5,          4, 	      36210
iid:  1564,          7,          7, 	      42219
iid:  1565,          4,          4, 	      33226
iid:  1566,          8,          6, 	      41363
iid:  1567,          5,          7, 	      36296
iid:  1568,          4,          4, 	      30016
iid:  1569,          5,          4, 	      35180
iid:  1570,          9,          5, 	      37251
iid:  1571,          4,          7, 	      36333
iid:  1572,          4,          4, 	      28914
iid:  1573,         11,          6, 	      33428
iid:  1574,          4,          5, 	      31861
iid:  1575,          4,          5, 	      32198
iid:  1576,          8,          6, 	      30895
iid:  1577,          4,          5, 	      30402
iid:  1578,          9,          4, 	      34618
iid:  1579,          4,          4, 	      37969
iid:  1580,          4,          6, 	      29567
iid:  1581,          8,          5, 	      37103
iid:  1582,          9,          4, 	      40890
iid:  1583,          4,          5, 	      29420
iid:  1584,          5,          5, 	      36277
iid:  1585,          9,          5, 	      38872
iid:  1586,          4,          4, 	      36724
iid:  1587,          6,          7, 	      36978
iid:  1588,          7,          4, 	      38294
iid:  1589,          6,          5, 	      38129
iid:  1590,          4,          6, 	      36814
iid:  1591,          7,          5, 	      38796
iid:  1592,          5,          5, 	      34049
iid:  1593,          7,          4, 	      34000
iid:  1594,          7,          6, 	      42034
iid:  1595,          4,          5, 	      35015
iid:  1596,          8,          4, 	      37484
iid:  1597,          4,          6, 	      36528
iid:  1598,          7,          5, 	      38742
iid:  1599,          7,          4, 	      32129
iid:  1600,          8,          6, 	      39887
iid:  1601,          4,          4, 	      37178
iid:  1602,          5,          6, 	      32709
iid:  1603,          8,          6, 	      39625
iid:  1604,          4,          6, 	      30014
iid:  1605,         10,          4, 	      31775
iid:  1606,          4,          4, 	      31360
iid:  1607,          5,          5, 	      37546
iid:  1608,          8,          5, 	      33428
iid:  1609,          4,          6, 	      35193
iid:  1610,          6,          6, 	      31700
iid:  1611,          6,          4, 	      31666
iid:  1612,          6,          6, 	      37757
iid:  1613,          7,          5, 	      30647
iid:  1614,          7,          4, 	      30888
iid:  1615,          4,          5, 	      32624
iid:  1616,          8,          5, 	      39361
iid:  1617,          4,          6, 	      38024
iid:  1618,          5,          5, 	      34320
iid:  1619,          9,          5, 	      33045
iid:  1620,          6,          4, 	      39079
iid:  1621,          4,          5, 	      37246
iid:  1622,          5,          5, 	      36047
iid:  1623,          4,          6, 	      30346
iid:  1624,          8,          6, 	      31349
iid:  1625,          7,          4, 	      30066
iid:  1626,          6,          6, 	      31556
iid:  1627,          8,          5, 	      32885
iid:  1628,          4,          4, 	      34027
iid:  1629,          7,          4, 	      40926
iid:  1630,          4,          5, 	      36090
iid:  1631,          8,          5, 	      44207
iid:  1632,          6,          5, 	      39127
iid:  1633,          6,          4, 	      39084
iid:  1634,          4,          5, 	      38152
iid:  1635,          8,          7, 	      39984
iid:  1636,          7,          6, 	      34014
iid:  1637,          7,          4, 	      37250
iid:  1638,          4,          6, 	      36857
iid:  1639,          4,          5, 	      27193
iid:  1640,          7,          5, 	      33540
iid:  1641,          9,          4, 	      37675
iid:  1642,          6,          5, 	      38143
iid:  1643,          4,          4, 	      33451
iid:  1644,          7,          5, 	      35948
iid:  1645,          6,          6, 	      40161
iid:  1646,          5,          5, 	      34526
iid:  1647,          6,          5, 	      34174
iid:  1648,          7,          4, 	      33158
iid:  1649,          5,          5, 	      33801
iid:  1650,          6,          6, 	      39079
iid:  1651,          7,          5, 	      35343
iid:  1652,          7,          6, 	      40270
iid:  1653,          5,          5, 	      32828
iid:  1654,          7,          4, 	      37841
iid:  1655,          6,          6, 	      34390
iid:  1656,          5,          6, 	      36717
iid:  1657,          7,          5, 	      34158
iid:  1658,          4,          4, 	      32399
iid:  1659,          7,          4, 	      32819
iid:  1660,          7,          6, 	      36666
iid:  1661,          8,          5, 	      40286
iid:  1662,          5,          4, 	      33900
iid:  1663,          4,          6, 	      36723
iid:  1664,          7,          4, 	      33645
iid:  1665,          4,          6, 	      29527
iid:  1666,          7,          6, 	      33678
iid:  1667,          7,          4, 	      31912
iid:  1668,          8,          5, 	      38351
iid:  1669,          4,          5, 	      29979
iid:  1670,          6,          5, 	      32506
iid:  1671,          7,          6, 	      33789
iid:  1672,          5,          4, 	      36947
iid:  1673,          4,          7, 	      33385
iid:  1674,         10,          6, 	      32765
iid:  1675,          5,          4, 	      32349
iid:  1676,          4,          4, 	      31965
iid:  1677,          7,          6, 	      39783
iid:  1678,          5,          6, 	      31507
iid:  1679,          8,          4, 	      32867
iid:  1680,          4,          4, 	      36470
iid:  1681,          5,          5, 	      36909
iid:  1682,          8,          4, 	      33714
iid:  1683,          8,          6, 	      38137
iid:  1684,          4,          4, 	      36388
iid:  1685,          7,          5, 	      39506
iid:  1686,          5,          6, 	      40217
iid:  1687,          7,          4, 	      32294
iid:  1688,          5,          6, 	      32534
iid:  1689,          7,          5, 	      31667
iid:  1690,          6,          4, 	      35817
iid:  1691,          5,          6, 	      33501
iid:  1692,          8,          5, 	      35966
iid:  1693,          6,          6, 	      30166
iid:  1694,          5,          5, 	      32701
iid:  1695,          7,          6, 	      34084
iid:  1696,          5,          4, 	      33433
iid:  1697,          7,          4, 	      34118
iid:  1698,          4,          6, 	      33365
iid:  1699,          8,          6, 	      38049
iid:  1700,          5,          4, 	      32094
iid:  1701,          7,          5, 	      38875
iid:  1702,          4,          4, 	      32387
iid:  1703,          8,          7, 	      34293
iid:  1704,          7,          4, 	      34524
iid:  1705,          5,          5, 	      35690
iid:  1706,          5,          4, 	      32055
iid:  1707,          7,          5, 	      38279
iid:  1708,          4,          7, 	      34347
iid:  1709,         10,          5, 	      33740
iid:  1710,          4,          4, 	      29228
iid:  1711,          8,          5, 	      36134
iid:  1712,          4,          4, 	      32030
iid:  1713,          9,          8, 	      37506
iid:  1714,          4,          4, 	      27654
iid:  1715,          7,          4, 	      34564
iid:  1716,          4,          6, 	      34132
iid:  1717,          5,          4, 	      34311
iid:  1718,          4,          7, 	      33912
iid:  1719,          9,          5, 	      29976
iid:  1720,          7,          4, 	      28617
iid:  1721,          5,          4, 	      31716
iid:  1722,          6,          7, 	      37245
iid:  1723,          4,          4, 	      29232
iid:  1724,          5,         10, 	      29752
iid:  1725,          3,          0, 	          ?
#	 SMR -- mean: 6.59 stddev: 16.85
#	 Consensus -- mean: 4.92 stddev: 1.16