iid:     9,          6,          5, 	      31212
iid:    10,          6,          4, 	      41694
iid:    11,         12,          3, 	      54473
iid:    12,          3,          4, 	      52907
iid:    13,          8,          4, 	      57702
iid:    14,          6,          4, 	      64751
iid:    15,          8,          3, 	      69847
iid:    16,          2,          3, 	      69150
iid:    17,          2,          3, 	      68103
iid:    18,          2,          4, 	      67142
iid:    19,          2,          4, 	      38357
iid:    20,          2,          6, 	      27835
iid:    21,          8,          4, 	      29342
iid:    22,          4,          4, 	      27145
iid:    23,          4,          6, 	      23919
iid:    24,         21,          4, 	      17844
iid:    25,          7,          4, 	      23668
iid:    26,          5,          6, 	      26660
iid:    27,          2,          3, 	      26257
iid:    28,          2,          3, 	      26117
iid:    29,          2,          3, 	      25969
iid:    30,          2,          5, 	      24943
iid:    31,         21,          4, 	      27699
iid:    32,          4,          3, 	      26868
iid:    33,          2,          5, 	      26390
iid:    34,          4,          6, 	      18700
iid:    35,         16,          4, 	      17988
iid:    36,         19,          7, 	      23176
iid:    37,          7,          3, 	      23378
iid:    38,          2,          3, 	      23214
iid:    39,          2,          3, 	      23062
iid:    40,          2,          4, 	      23203
iid:    41,         13,          4, 	      23776
iid:    42,          4,          5, 	      21839
iid:    43,          4,          4, 	      21146
iid:    44,          4,          6, 	      23280
iid:    45,          9,          4, 	      22908
iid:    46,         19,          4, 	      21543
iid:    47,          4,          6, 	      22569
iid:    48,         13,          4, 	      32762
iid:    49,         30,          5, 	      42252
iid:    50,          5,          8, 	      45407
iid:    51,          2,          6, 	      36906
iid:    52,          3,          4, 	      35759
iid:    53,          2,          4, 	      35478
iid:    54,          6,          3, 	      39432
iid:    55,          2,          7, 	      38526
iid:    56,          4,          4, 	      27008
iid:    57,          4,          5, 	      26972
iid:    58,          4,          6, 	      21203
iid:    59,         34,         13, 	      31124
iid:    60,          4,          5, 	      21946
iid:    61,          5,          4, 	      22722
iid:    62,          2,          5, 	      22189
iid:    63,         23,          5, 	      32462
iid:    64,          9,          5, 	      29095
iid:    65,          6,          4, 	      30995
iid:    66,          2,          6, 	      30794
iid:    67,          2,          4, 	      30048
iid:    68,          2,         11, 	      29908
iid:    69,         10,          5, 	      21831
iid:    70,          4,          5, 	      22354
iid:    71,          4,          4, 	      24018
iid:    72,          2,          4, 	      23718
iid:    73,         29,          9, 	      60366
iid:    74,         15,          6, 	      54776
iid:    75,          2,          4, 	      52924
iid:    76,          2,          4, 	      52490
iid:    77,          2,          6, 	      51458
iid:    78,          2,          7, 	      51196
iid:    79,          2,          5, 	      47940
iid:    80,          2,          4, 	      38692
iid:    81,         13,          4, 	      53212
iid:    82,          2,          7, 	      52810
iid:    83,          9,          9, 	      31837
iid:    84,         15,          5, 	      17194
iid:    85,         10,          5, 	      20081
iid:    86,          5,          4, 	      22716
iid:    87,          2,          4, 	      22455
iid:    88,          2,          4, 	      22264
iid:    89,          4,          4, 	      21281
iid:    90,          9,          5, 	      30479
iid:    91,          4,          4, 	      29758
iid:    92,         11,          4, 	      32649
iid:    93,          2,          4, 	      27233
iid:    94,          2,          7, 	      20634
iid:    95,         25,         10, 	      30159
iid:    96,          5,          5, 	      31537
iid:    97,          5,          5, 	      34462
iid:    98,         11,          3, 	      38717
iid:    99,          2,          5, 	      38421
iid:   100,          6,          4, 	      20352
iid:   101,          9,          5, 	      22988
iid:   102,          9,          3, 	      22669
iid:   103,          3,          3, 	      21672
iid:   104,          3,          6, 	      21617
iid:   105,         10,          5, 	      27341
iid:   106,          4,          4, 	      23981
iid:   107,          4,          5, 	      23828
iid:   108,          5,          5, 	      21090
iid:   109,         11,          5, 	      23228
iid:   110,          6,          4, 	      22530
iid:   111,         17,          5, 	      22206
iid:   112,          4,          6, 	      23012
iid:   113,          4,          4, 	      22587
iid:   114,          7,          5, 	      25456
iid:   115,         16,          6, 	      24819
iid:   116,          4,          4, 	      23892
iid:   117,         12,          4, 	      26838
iid:   118,          7,          5, 	      23039
iid:   119,          4,          4, 	      22383
iid:   120,          3,          6, 	      21524
iid:   121,          9,          4, 	      26478
iid:   122,         16,          6, 	      43031
iid:   123,          7,          4, 	      41078
iid:   124,          6,          9, 	      41160
iid:   125,         11,          4, 	      23926
iid:   126,         18,          4, 	      33939
iid:   127,          4,          4, 	      25791
iid:   128,          6,          5, 	      26277
iid:   129,         25,          3, 	      37624
iid:   130,          2,          3, 	      37283
iid:   131,          2,          7, 	      36731
iid:   132,          5,          4, 	      27661
iid:   133,         11,          4, 	      34780
iid:   134,          4,          7, 	      32269
iid:   135,          4,          4, 	      27387
iid:   136,         20,          4, 	      33767
iid:   137,          4,          6, 	      31271
iid:   138,          4,          4, 	      26510
iid:   139,         25,          4, 	      39107
iid:   140,          4,          3, 	      36111
iid:   141,          3,          7, 	      35752
iid:   142,          4,          7, 	      28985
iid:   143,         17,          4, 	      31636
iid:   144,          5,          4, 	      27606
iid:   145,         10,          3, 	      27492
iid:   146,          2,          3, 	      27071
iid:   147,          2,          4, 	      26697
iid:   148,          6,          8, 	      21737
iid:   149,         16,          4, 	      18333
iid:   150,          6,          5, 	      21222
iid:   151,          5,          3, 	      23068
iid:   152,          2,          7, 	      22886
iid:   153,         25,          5, 	      24857
iid:   154,          7,          4, 	      22221
iid:   155,          6,          3, 	      26438
iid:   156,          2,          3, 	      26178
iid:   157,          2,          3, 	      25358
iid:   158,          2,          6, 	      24926
iid:   159,          5,          4, 	      20136
iid:   160,         19,          4, 	      26217
iid:   161,          4,          5, 	      25689
iid:   162,          4,          4, 	      23792
iid:   163,          4,          7, 	      19996
iid:   164,         19,          4, 	      24548
iid:   165,          7,          4, 	      18635
iid:   166,         13,          8, 	      21547
iid:   167,          7,          3, 	      25505
iid:   168,          2,          3, 	      25316
iid:   169,          2,          5, 	      25291
iid:   170,         10,          4, 	      23918
iid:   171,          4,          5, 	      23722
iid:   172,          9,          3, 	      22496
iid:   173,          2,          5, 	      22087
iid:   174,          6,          5, 	      22105
iid:   175,         17,          5, 	      29948
iid:   176,          4,          4, 	      26703
iid:   177,          4,          7, 	      18543
iid:   178,          6,          4, 	      20085
iid:   179,         18,          5, 	      25768
iid:   180,         10,          4, 	      19646
iid:   181,          8,          7, 	      23906
iid:   182,          4,          3, 	      23090
iid:   183,          2,          3, 	      22079
iid:   184,          2,          5, 	      21959
iid:   185,         22,          5, 	      24490
iid:   186,          4,          4, 	      22825
iid:   187,          5,          4, 	      20995
iid:   188,          6,          4, 	      24763
iid:   189,          2,          6, 	      23827
iid:   190,         13,          4, 	      18261
iid:   191,          7,          4, 	      22688
iid:   192,         10,          3, 	      24340
iid:   193,          2,          5, 	      23863
iid:   194,          2,          6, 	      22568
iid:   195,         19,          4, 	      22874
iid:   196,          4,          3, 	      23510
iid:   197,          2,          5, 	      21938
iid:   198,         17,          4, 	      30184
iid:   199,          2,          5, 	      28981
iid:   200,          4,          5, 	      24075
iid:   201,          4,          4, 	      19802
iid:   202,         16,          5, 	      22913
iid:   203,          5,          4, 	      21660
iid:   204,          4,          5, 	      26401
iid:   205,          7,          4, 	      22196
iid:   206,          8,          7, 	      23917
iid:   207,          4,          4, 	      22066
iid:   208,         21,          6, 	      29209
iid:   209,          7,          5, 	      26100
iid:   210,          5,          4, 	      23003
iid:   211,          2,          6, 	      21662
iid:   212,         17,          4, 	      24289
iid:   213,          7,          3, 	      27553
iid:   214,          2,          3, 	      27099
iid:   215,          2,          4, 	      25299
iid:   216,          5,          5, 	      19521
iid:   217,         11,          6, 	      25812
iid:   218,          4,          4, 	      23106
iid:   219,         23,          4, 	      24020
iid:   220,          4,          5, 	      23707
iid:   221,          4,          6, 	      22044
iid:   222,         12,          4, 	      21057
iid:   223,          5,          7, 	      31232
iid:   224,          4,          3, 	      28184
iid:   225,          2,          3, 	      27860
iid:   226,          2,          7, 	      27415
iid:   227,          4,          4, 	      23329
iid:   228,          4,          4, 	      23123
iid:   229,         41,          4, 	      33112
iid:   230,          4,          3, 	      23553
iid:   231,          2,          3, 	      23431
iid:   232,          2,          3, 	      23360
iid:   233,          2,          3, 	      23252
iid:   234,          2,          4, 	      23134
iid:   235,          8,          4, 	      36409
iid:   236,          4,          3, 	      36614
iid:   237,          2,          3, 	      36529
iid:   238,          2,          6, 	      35052
iid:   239,         18,          4, 	      24754
iid:   240,         13,          4, 	      21718
iid:   241,         10,          3, 	      23262
iid:   242,          2,          6, 	      22794
iid:   243,          9,          4, 	      28148
iid:   244,         16,          3, 	      34144
iid:   245,          2,          5, 	      25415
iid:   246,          8,          3, 	      29584
iid:   247,          2,          4, 	      28343
iid:   248,          2,          4, 	      28049
iid:   249,          4,          6, 	      25102
iid:   250,          4,          4, 	      17250
iid:   251,         25,          4, 	      28375
iid:   252,          4,          5, 	      27462
iid:   253,          4,          5, 	      22861
iid:   254,          4,          6, 	      17440
iid:   255,          5,          5, 	      18759
iid:   256,         17,          7, 	      17771
iid:   257,          7,          4, 	      21242
iid:   258,         11,          3, 	      24329
iid:   259,          2,          3, 	      24133
iid:   260,          2,          6, 	      23989
iid:   261,         13,          4, 	      20871
iid:   262,          4,          4, 	      21333
iid:   263,          4,          5, 	      21490
iid:   264,         16,          3, 	      28658
iid:   265,          2,          3, 	      28397
iid:   266,          2,          6, 	      25463
iid:   267,          4,          4, 	      21048
iid:   268,          9,          5, 	      19207
iid:   269,         11,          4, 	      25047
iid:   270,          4,          6, 	      24721
iid:   271,         12,          6, 	      22532
iid:   272,          4,          3, 	      20891
iid:   273,          2,          5, 	      20785
iid:   274,         18,          4, 	      24207
iid:   275,          4,          6, 	      21967
iid:   276,          4,          5, 	      21402
iid:   277,         14,          4, 	      29513
iid:   278,         11,          3, 	      27893
iid:   279,          2,          3, 	      27447
iid:   280,          2,          6, 	      26689
iid:   281,          7,          7, 	      16651
iid:   282,         13,          4, 	      24166
iid:   283,          4,          4, 	      23892
iid:   284,         10,          5, 	      23778
iid:   285,          7,          3, 	      23914
iid:   286,          2,          6, 	      23311
iid:   287,          4,          4, 	      18787
iid:   288,         22,          6, 	      22160
iid:   289,          8,          4, 	      25381
iid:   290,          8,          3, 	      27431
iid:   291,          2,          3, 	      22718
iid:   292,          2,          4, 	      22571
iid:   293,          2,          6, 	      22023
iid:   294,          6,          4, 	      19634
iid:   295,         18,          5, 	      23659
iid:   296,          4,          4, 	      22139
iid:   297,          4,          5, 	      21532
iid:   298,          4,          6, 	      17541
iid:   299,         18,          4, 	      24185
iid:   300,         18,          4, 	      23788
iid:   301,          5,          6, 	      27529
iid:   302,          2,          3, 	      25851
iid:   303,          2,          5, 	      25404
iid:   304,          2,          4, 	      24625
iid:   305,         13,          4, 	      24273
iid:   306,          4,          5, 	      23590
iid:   307,          7,          3, 	      22693
iid:   308,          2,          4, 	      22196
iid:   309,          8,          6, 	      19629
iid:   310,         12,          4, 	      25105
iid:   311,         11,          8, 	      19862
iid:   312,         26,          4, 	      26271
iid:   313,          5,          3, 	      29565
iid:   314,          2,          4, 	      29276
iid:   315,          8,          3, 	      28132
iid:   316,          2,          4, 	      27682
iid:   317,          4,          5, 	      27065
iid:   318,          5,          3, 	      27763
iid:   319,          2,          5, 	      27657
iid:   320,          4,          4, 	      21070
iid:   321,          9,          6, 	      20941
iid:   322,         18,          6, 	      22445
iid:   323,          4,          6, 	      20136
iid:   324,          8,          5, 	      23585
iid:   325,         25,          4, 	      21676
iid:   326,          6,          3, 	      24194
iid:   327,          2,          3, 	      23740
iid:   328,          2,          5, 	      23397
iid:   329,         10,          5, 	      28926
iid:   330,          4,          4, 	      24840
iid:   331,          4,          5, 	      24771
iid:   332,          5,          3, 	      25203
iid:   333,          2,          5, 	      19041
iid:   334,         10,          6, 	      20272
iid:   335,         19,          4, 	      25238
iid:   336,          5,          7, 	      22053
iid:   337,          6,          3, 	      23345
iid:   338,          2,          6, 	      22860
iid:   339,         23,          4, 	      17601
iid:   340,          9,          4, 	      22399
iid:   341,          5,          3, 	      24674
iid:   342,          2,          4, 	      24210
iid:   343,          2,          3, 	      23272
iid:   344,          2,          6, 	      22877
iid:   345,         20,          4, 	      29868
iid:   346,          4,          4, 	      22821
iid:   347,          4,          3, 	      22750
iid:   348,          2,          6, 	      22088
iid:   349,         12,          5, 	      26078
iid:   350,          4,          4, 	      23327
iid:   351,         21,          4, 	      22190
iid:   352,          4,          7, 	      22313
iid:   353,          5,          3, 	      20711
iid:   354,          2,          4, 	      20155
iid:   355,         11,          4, 	      21938
iid:   356,          4,          5, 	      23038
iid:   357,          2,          3, 	      21802
iid:   358,          2,          4, 	      21348
iid:   359,          4,          6, 	      17178
iid:   360,         24,          5, 	      25848
iid:   361,          9,          4, 	      20955
iid:   362,          5,          6, 	      20768
iid:   363,          4,          5, 	      21878
iid:   364,         10,          4, 	      24247
iid:   365,          2,          4, 	      23365
iid:   366,          7,          5, 	      18978
iid:   367,         17,          4, 	      22321
iid:   368,          5,          3, 	      22954
iid:   369,          2,          5, 	      21240
iid:   370,          2,          5, 	      19534
iid:   371,         10,          5, 	      17675
iid:   372,          7,          4, 	      24400
iid:   373,          4,          6, 	      24016
iid:   374,          5,          3, 	      19289
iid:   375,          2,          5, 	      18929
iid:   376,         18,          5, 	      18141
iid:   377,         13,          4, 	      24423
iid:   378,          5,          4, 	      21834
iid:   379,          5,          5, 	      22532
iid:   380,          2,          3, 	      21286
iid:   381,          2,          5, 	      20753
iid:   382,         21,          5, 	      25730
iid:   383,          4,          4, 	      18791
iid:   384,         12,          3, 	      25090
iid:   385,          2,          5, 	      25176
iid:   386,          4,          6, 	      25125
iid:   387,          4,          4, 	      18867
iid:   388,         13,          4, 	      21832
iid:   389,          6,          7, 	      21660
iid:   390,         13,          4, 	      22755
iid:   391,          9,          4, 	      26002
iid:   392,          4,          6, 	      21392
iid:   393,          2,          4, 	      19930
iid:   394,          8,          4, 	      22097
iid:   395,          4,          4, 	      21592
iid:   396,          5,          3, 	      22917
iid:   397,          2,          9, 	      22542
iid:   398,         24,          4, 	      25018
iid:   399,          5,          4, 	      30098
iid:   400,          5,          6, 	      21419
iid:   401,          5,          3, 	      23225
iid:   402,          2,          3, 	      22749
iid:   403,          2,          5, 	      22076
iid:   404,         23,          5, 	      24302
iid:   405,          4,          4, 	      23541
iid:   406,          4,          3, 	      21204
iid:   407,          2,          6, 	      20828
iid:   408,         13,          5, 	      29788
iid:   409,          4,          4, 	      23305
iid:   410,         10,          5, 	      18105
iid:   411,         15,          5, 	      21802
iid:   412,          4,          3, 	      23019
iid:   413,          2,          5, 	      22671
iid:   414,         10,          4, 	      21138
iid:   415,          7,          6, 	      23465
iid:   416,          9,          6, 	      24017
iid:   417,          6,          4, 	      19143
iid:   418,         12,          5, 	      23574
iid:   419,         11,          6, 	      27790
iid:   420,          4,          4, 	      18090
iid:   421,          7,          5, 	      26758
iid:   422,          4,          4, 	      23809
iid:   423,          2,          4, 	      23117
iid:   424,          2,          7, 	      21930
iid:   425,         27,          4, 	      20742
iid:   426,          6,          3, 	      23675
iid:   427,          2,          4, 	      23511
iid:   428,         18,          4, 	      26734
iid:   429,          4,          3, 	      29513
iid:   430,          2,          3, 	      29221
iid:   431,          2,          4, 	      21331
iid:   432,          6,          3, 	      23337
iid:   433,          2,          3, 	      22465
iid:   434,          2,          6, 	      22070
iid:   435,         20,          5, 	      27974
iid:   436,          4,          4, 	      27076
iid:   437,          5,          6, 	      26933
iid:   438,         14,          4, 	      27840
iid:   439,          6,          4, 	      18417
iid:   440,         10,          4, 	      23224
iid:   441,         17,          3, 	      26002
iid:   442,          2,          3, 	      25368
iid:   443,          2,          3, 	      24101
iid:   444,          2,          8, 	      24069
iid:   445,          8,          5, 	      24438
iid:   446,          4,          5, 	      20852
iid:   447,          4,          3, 	      20520
iid:   448,          2,          4, 	      20023
iid:   449,          6,          6, 	      20580
iid:   450,        135,          4, 	     340233
iid:   451,          2,          3, 	     332220
iid:   452,          3,          6, 	     331780
iid:   453,          9,          3, 	     351143
iid:   454,          2,          6, 	     350744
iid:   455,         12,          3, 	     342395
iid:   456,          2,          4, 	     341732
iid:   457,          5,          3, 	     360142
iid:   458,          2,          4, 	     357595
iid:   459,         10,          7, 	     358869
iid:   460,          4,          3, 	      41073
iid:   461,          2,          4, 	      40034
iid:   462,          5,          6, 	      60030
iid:   463,          9,          3, 	      46612
iid:   464,          2,          3, 	      41921
iid:   465,          2,          3, 	      41022
iid:   466,          2,          7, 	      40700
iid:   467,          4,          3, 	      42146
iid:   468,          2,          3, 	      36564
iid:   469,          2,          3, 	      35933
iid:   470,          2,          4, 	      35592
iid:   471,         11,          6, 	      59385
iid:   472,          4,          3, 	      38753
iid:   473,          2,          3, 	      37934
iid:   474,          2,          3, 	      37561
iid:   475,          2,          4, 	      37286
iid:   476,         12,          5, 	      57174
iid:   477,          8,          3, 	      42372
iid:   478,          2,          3, 	      41706
iid:   479,          2,          3, 	      41410
iid:   480,          2,          6, 	      41122
iid:   481,          4,          4, 	      35523
iid:   482,          4,          3, 	      36270
iid:   483,          2,          3, 	      35923
iid:   484,          2,          4, 	      35704
iid:   485,         12,          6, 	      57094
iid:   486,          4,          4, 	      48306
iid:   487,          2,          3, 	      35609
iid:   488,          2,          3, 	      34795
iid:   489,          2,          4, 	      34286
iid:   490,         13,          6, 	      55738
iid:   491,          4,          3, 	      40275
iid:   492,          2,          3, 	      39293
iid:   493,          2,          3, 	      39124
iid:   494,          2,          6, 	      39007
iid:   495,         11,          3, 	      46005
iid:   496,          2,          4, 	      36459
iid:   497,          8,          3, 	      41021
iid:   498,          2,          4, 	      40764
iid:   499,          4,          6, 	      45913
iid:   500,          4,          3, 	      37348
iid:   501,          2,          4, 	      36243
iid:   502,         13,          3, 	      41438
iid:   503,          2,          4, 	      41135
iid:   504,          4,          7, 	      59596
iid:   505,          4,          3, 	      45667
iid:   506,          2,          4, 	      41474
iid:   507,          2,          3, 	      40594
iid:   508,          2,          4, 	      40274
iid:   509,         13,          5, 	      56129
iid:   510,          4,          4, 	      46968
iid:   511,          2,          3, 	      45507
iid:   512,          2,          3, 	      39397
iid:   513,          2,          6, 	      38216
iid:   514,         11,          4, 	      44557
iid:   515,          4,          3, 	      39240
iid:   516,          2,          3, 	      38769
iid:   517,          2,          4, 	      37758
iid:   518,          8,          6, 	      44498
iid:   519,          8,          3, 	      44376
iid:   520,          2,          4, 	      35750
iid:   521,          9,          3, 	      39961
iid:   522,          2,          4, 	      38987
iid:   523,          6,          7, 	      43767
iid:   524,          5,          5, 	      44944
iid:   525,          4,          3, 	      41507
iid:   526,          2,          3, 	      41225
iid:   527,          2,          4, 	      40837
iid:   528,          9,          6, 	      43011
iid:   529,          7,          3, 	      44877
iid:   530,          2,          5, 	      44229
iid:   531,          9,          3, 	      45373
iid:   532,          2,          4, 	      44750
iid:   533,          4,          6, 	      40161
iid:   534,          8,          3, 	      46045
iid:   535,          2,          5, 	      40461
iid:   536,          8,          3, 	      44688
iid:   537,          2,          4, 	      44384
iid:   538,          4,          7, 	      42904
iid:   539,          6,          4, 	      46206
iid:   540,          4,          3, 	      45798
iid:   541,          2,          3, 	      40359
iid:   542,          2,          4, 	      39882
iid:   543,         14,          5, 	      50388
iid:   544,          4,          6, 	      45559
iid:   545,          4,          4, 	      47165
iid:   546,          2,          3, 	      40169
iid:   547,          2,          4, 	      37360
iid:   548,         11,          6, 	      43661
iid:   549,          6,          4, 	      37997
iid:   550,          4,          4, 	      39939
iid:   551,          2,          3, 	      39100
iid:   552,          2,          3, 	      38681
iid:   553,          2,          7, 	      33736
iid:   554,         11,          3, 	      40287
iid:   555,          2,          4, 	      39265
iid:   556,         10,          3, 	      41521
iid:   557,          2,          3, 	      40598
iid:   558,          2,          6, 	      40394
iid:   559,          6,          4, 	      44971
iid:   560,          4,          3, 	      40715
iid:   561,          2,          3, 	      40191
iid:   562,          2,          3, 	      39623
iid:   563,          2,          7, 	      38652
iid:   564,         11,          3, 	      43436
iid:   565,          2,          4, 	      37587
iid:   566,          8,          3, 	      41903
iid:   567,          2,          4, 	      41428
iid:   568,          4,          6, 	      41017
iid:   569,          8,          3, 	      44590
iid:   570,          2,          4, 	      36828
iid:   571,          4,          3, 	      40689
iid:   572,          2,          3, 	      40297
iid:   573,          2,          7, 	      39837
iid:   574,         11,          3, 	      47774
iid:   575,          2,          4, 	      40811
iid:   576,         10,          3, 	      45504
iid:   577,          2,          3, 	      45105
iid:   578,          3,          6, 	      44681
iid:   579,          4,          4, 	      46284
iid:   580,          4,          3, 	      41955
iid:   581,          2,          3, 	      41162
iid:   582,          2,          3, 	      41094
iid:   583,          2,          6, 	      40593
iid:   584,         12,          5, 	      43161
iid:   585,          4,          3, 	      44896
iid:   586,          2,          3, 	      36217
iid:   587,          2,          3, 	      35702
iid:   588,          2,          6, 	      35226
iid:   589,         11,          4, 	      38865
iid:   590,          4,          3, 	      40669
iid:   591,          2,          3, 	      40234
iid:   592,          2,          3, 	      39810
iid:   593,          2,          6, 	      39393
iid:   594,         11,          4, 	      36214
iid:   595,          4,          3, 	      38236
iid:   596,          2,          3, 	      37868
iid:   597,          2,          3, 	      37388
iid:   598,          2,          6, 	      36866
iid:   599,         12,          4, 	      43151
iid:   600,          4,          3, 	      39438
iid:   601,          2,          3, 	      39101
iid:   602,          2,          3, 	      38753
iid:   603,          2,          7, 	      38543
iid:   604,         12,          4, 	      44297
iid:   605,          4,          3, 	      40042
iid:   606,          2,          3, 	      39557
iid:   607,          2,          3, 	      39105
iid:   608,          2,          5, 	      38664
iid:   609,         10,          5, 	      33813
iid:   610,          5,          3, 	      34040
iid:   611,          2,          4, 	      33336
iid:   612,          9,          3, 	      38464
iid:   613,          2,          6, 	      37978
iid:   614,          4,          4, 	      33289
iid:   615,          6,          5, 	      35789
iid:   616,          4,          3, 	      38192
iid:   617,          2,          3, 	      37881
iid:   618,          2,          4, 	      37448
iid:   619,         10,          5, 	      43514
iid:   620,          8,          5, 	      43051
iid:   621,          4,          3, 	      44588
iid:   622,          2,          3, 	      38130
iid:   623,          2,          5, 	      37264
iid:   624,          9,          7, 	      38372
iid:   625,          7,          3, 	      38828
iid:   626,          2,          4, 	      36474
iid:   627,          9,          4, 	      40120
iid:   628,          2,          4, 	      39452
iid:   629,          6,          6, 	      41781
iid:   630,          6,          4, 	      44887
iid:   631,          6,          3, 	      42262
iid:   632,          3,          3, 	      41819
iid:   633,          3,          5, 	      41288
iid:   634,          7,          5, 	      43915
iid:   635,          5,          5, 	      34759
iid:   636,          4,          4, 	      41817
iid:   637,          6,          4, 	      38798
iid:   638,          2,          3, 	      37896
iid:   639,          2,          6, 	      32792
iid:   640,          8,          4, 	      29778
iid:   641,          7,          5, 	      35467
iid:   642,          8,          3, 	      38271
iid:   643,          2,          4, 	      37750
iid:   644,          2,          4, 	      33174
iid:   645,          6,          6, 	      34405
iid:   646,          9,          5, 	      41348
iid:   647,          5,          4, 	      37904
iid:   648,          2,          3, 	      37019
iid:   649,          2,          4, 	      36597
iid:   650,          9,          6, 	      39910
iid:   651,          4,          5, 	      33005
iid:   652,          5,          4, 	      35412
iid:   653,          4,          3, 	      37040
iid:   654,          2,          4, 	      36318
iid:   655,         10,          6, 	      39460
iid:   656,          7,          4, 	      32877
iid:   657,          4,          4, 	      36004
iid:   658,          5,          4, 	      38617
iid:   659,          2,          4, 	      38252
iid:   660,          3,          4, 	      32163
iid:   661,          8,          6, 	      34934
iid:   662,          9,          3, 	      39122
iid:   663,          2,          5, 	      38231
iid:   664,          6,          4, 	      42894
iid:   665,          2,          4, 	      37109
iid:   666,          8,          6, 	      35256
iid:   667,          4,          5, 	      32563
iid:   668,          6,          5, 	      36592
iid:   669,          6,          3, 	      40605
iid:   670,          2,          4, 	      40525
iid:   671,          4,          5, 	      37247
iid:   672,         10,          5, 	      33265
iid:   673,          7,          5, 	      39254
iid:   674,          6,          5, 	      38331
iid:   675,          4,          3, 	      37440
iid:   676,          2,          4, 	      36599
iid:   677,         10,          5, 	      40218
iid:   678,          5,          6, 	      36919
iid:   679,          4,          5, 	      30868
iid:   680,          6,          3, 	      36592
iid:   681,          2,          4, 	      36140
iid:   682,          9,          5, 	      36374
iid:   683,          4,          6, 	      30512
iid:   684,          5,          5, 	      31239
iid:   685,          9,          3, 	      38487
iid:   686,          2,          5, 	      38119
iid:   687,          9,          4, 	      38108
iid:   688,          2,          4, 	      33995
iid:   689,          7,          7, 	      38572
iid:   690,          4,          4, 	      32985
iid:   691,          5,          4, 	      36569
iid:   692,          4,          3, 	      39587
iid:   693,          3,          6, 	      39367
iid:   694,          9,          6, 	      36025
iid:   695,          4,          4, 	      29796
iid:   696,          8,          4, 	      41155
iid:   697,          9,          3, 	      40129
iid:   698,          2,          5, 	      39421
iid:   699,          2,          4, 	      31329
iid:   700,          6,          6, 	      39703
iid:   701,          5,          4, 	      35068
iid:   702,          6,          4, 	      39483
iid:   703,          5,          5, 	      40894
iid:   704,          2,          4, 	      36184
iid:   705,          8,          6, 	      39790
iid:   706,          4,          5, 	      27368
iid:   707,          8,          4, 	      32610
iid:   708,          4,          3, 	      36517
iid:   709,          2,          4, 	      36159
iid:   710,          2,          4, 	      31212
iid:   711,         13,          6, 	      38180
iid:   712,          5,          4, 	      33015
iid:   713,          5,          3, 	      38844
iid:   714,          2,          5, 	      38465
iid:   715,          9,          6, 	      38652
iid:   716,          4,          6, 	      36668
iid:   717,          4,          4, 	      34840
iid:   718,          8,          4, 	      33092
iid:   719,          6,          3, 	      38409
iid:   720,          2,          6, 	      37830
iid:   721,          8,          4, 	      33518
iid:   722,          6,          6, 	      38213
iid:   723,          4,          4, 	      30716
iid:   724,          5,          5, 	      36265
iid:   725,          6,          5, 	      36974
iid:   726,          9,          5, 	      33060
iid:   727,          4,          5, 	      36428
iid:   728,          4,          4, 	      33195
iid:   729,          9,          5, 	      34482
iid:   730,          6,          3, 	      39995
iid:   731,          2,          6, 	      35928
iid:   732,          8,          4, 	      33794
iid:   733,          5,          6, 	      36453
iid:   734,          8,          5, 	      35081
iid:   735,          4,          5, 	      36199
iid:   736,          5,          5, 	      35872
iid:   737,          9,          5, 	      37686
iid:   738,          5,          4, 	      34276
iid:   739,          4,          7, 	      34689
iid:   740,          8,          4, 	      32721
iid:   741,          6,          5, 	      37261
iid:   742,          4,          4, 	      39131
iid:   743,          2,          5, 	      34889
iid:   744,          9,          4, 	      36195
iid:   745,          7,          6, 	      37830
iid:   746,          5,          5, 	      32918
iid:   747,          6,          5, 	      38906
iid:   748,          8,          3, 	      37168
iid:   749,          2,          5, 	      36052
iid:   750,          5,          6, 	      36990
iid:   751,          4,          4, 	      31357
iid:   752,          8,          5, 	      33739
iid:   753,          4,          5, 	      39043
iid:   754,         10,          4, 	      37239
iid:   755,          2,          4, 	      33873
iid:   756,          5,          6, 	      33501
iid:   757,          7,          4, 	      32639
iid:   758,          5,          5, 	      36682
iid:   759,          7,          5, 	      38668
iid:   760,          3,          4, 	      31450
iid:   761,          6,          4, 	      35561
iid:   762,          4,          6, 	      33205
iid:   763,          7,          4, 	      32463
iid:   764,          8,          6, 	      37892
iid:   765,          6,          4, 	      38780
iid:   766,          2,          4, 	      34588
iid:   767,          6,          6, 	      35773
iid:   768,          4,          5, 	      30296
iid:   769,          7,          5, 	      33414
iid:   770,          5,          5, 	      36559
iid:   771,          6,          4, 	      28734
iid:   772,          4,          4, 	      27734
iid:   773,         10,          6, 	      33818
iid:   774,          7,          4, 	      34887
iid:   775,          6,          5, 	      35947
iid:   776,          5,          5, 	      37227
iid:   777,          5,          6, 	      37391
iid:   778,          4,          4, 	      30304
iid:   779,          6,          6, 	      32107
iid:   780,          8,          5, 	      34014
iid:   781,          6,          4, 	      32881
iid:   782,          6,          4, 	      31440
iid:   783,          8,          5, 	      36131
iid:   784,          5,          7, 	      35743
iid:   785,          5,          5, 	      29689
iid:   786,          8,          5, 	      34421
iid:   787,          6,          6, 	      36823
iid:   788,          6,          4, 	      29387
iid:   789,          7,          4, 	      33331
iid:   790,          7,          6, 	      37803
iid:   791,          4,          5, 	      32866
iid:   792,          5,          5, 	      36398
iid:   793,          6,          5, 	      36733
iid:   794,          7,          5, 	      32997
iid:   795,          8,          4, 	      34724
iid:   796,          4,          7, 	      31665
iid:   797,          7,          4, 	      31190
iid:   798,          5,          4, 	      32374
iid:   799,          7,          6, 	      36794
iid:   800,          4,          3, 	      30577
iid:   801,          2,          7, 	      29715
iid:   802,          9,          5, 	      30942
iid:   803,          6,          4, 	      33433
iid:   804,          5,          5, 	      37077
iid:   805,          4,          4, 	      30970
iid:   806,          9,          6, 	      35868
iid:   807,          6,          5, 	      32220
iid:   808,          7,          5, 	      42220
iid:   809,          4,          4, 	      32634
iid:   810,          4,          4, 	      31812
iid:   811,          4,          7, 	      33993
iid:   812,         13,          5, 	      38373
iid:   813,          4,          6, 	      35317
iid:   814,          8,          4, 	      42197
iid:   815,          4,          4, 	      43889
iid:   816,          2,          8, 	      40000
iid:   817,          7,          4, 	      31016
iid:   818,          4,          4, 	      28482
iid:   819,          4,          6, 	      29621
iid:   820,         10,          3, 	      35673
iid:   821,          2,          4, 	      31775
iid:   822,          8,          4, 	      35726
iid:   823,          5,          6, 	      43600
iid:   824,          5,          5, 	      36240
iid:   825,          7,          4, 	      34713
iid:   826,         10,          3, 	      42076
iid:   827,          2,          6, 	      37840
iid:   828,          4,          4, 	      30041
iid:   829,          9,          6, 	      43431
iid:   830,          4,          4, 	      36138
iid:   831,          4,          4, 	      35147
iid:   832,         10,          6, 	      42287
iid:   833,          4,          4, 	      34815
iid:   834,          2,          4, 	      31541
iid:   835,          8,          7, 	      34545
iid:   836,          4,          4, 	      27137
iid:   837,          5,          3, 	      29612
iid:   838,          2,          7, 	      29368
iid:   839,          8,          6, 	      26590
iid:   840,          4,          4, 	      28187
iid:   841,          8,          4, 	      36172
iid:   842,          5,          5, 	      33166
iid:   843,          8,          4, 	      36409
iid:   844,          6,          4, 	      38954
iid:   845,          4,          6, 	      36093
iid:   846,          4,          4, 	      31250
iid:   847,          9,          4, 	      35323
iid:   848,          7,          6, 	      39875
iid:   849,          4,          4, 	      34533
iid:   850,          6,          5, 	      37910
iid:   851,          6,          6, 	      33235
iid:   852,          7,          5, 	      29781
iid:   853,          8,          6, 	      33221
iid:   854,          5,          4, 	      30699
iid:   855,          7,          4, 	      34344
iid:   856,          4,          5, 	      34174
iid:   857,          6,          8, 	      34035
iid:   858,          4,          5, 	      26486
iid:   859,          9,          4, 	      31532
iid:   860,          7,          5, 	      36044
iid:   861,          4,          4, 	      33078
iid:   862,          7,          5, 	      35421
iid:   863,          5,          7, 	      33949
iid:   864,          8,          6, 	      31767
iid:   865,          6,          4, 	      30302
iid:   866,          5,          4, 	      34866
iid:   867,          4,          5, 	      29959
iid:   868,          8,          4, 	      34454
iid:   869,          4,          7, 	      32274
iid:   870,          8,          5, 	      30366
iid:   871,          4,          4, 	      28709
iid:   872,          8,          5, 	      34687
iid:   873,          8,          5, 	      33542
iid:   874,          4,          4, 	      33522
iid:   875,          5,          6, 	      31945
iid:   876,          7,          5, 	      31322
iid:   877,          6,          5, 	      34226
iid:   878,          7,          3, 	      31879
iid:   879,          2,          6, 	      31132
iid:   880,          8,          4, 	      31478
iid:   881,          6,          6, 	      34332
iid:   882,          7,          5, 	      34599
iid:   883,          4,          5, 	      32099
iid:   884,          8,          5, 	      32761
iid:   885,          5,          6, 	      33826
iid:   886,          5,          5, 	      30102
iid:   887,          6,          5, 	      33209
iid:   888,          4,          4, 	      28912
iid:   889,          6,          5, 	      31278
iid:   890,          4,          6, 	      28955
iid:   891,         11,          4, 	      31341
iid:   892,          6,          5, 	      30551
iid:   893,          6,          5, 	      35100
iid:   894,          6,          5, 	      36009
iid:   895,          5,          6, 	      36196
iid:   896,          5,          5, 	      31022
iid:   897,          8,          5, 	      34148
iid:   898,          4,          5, 	      33571
iid:   899,          9,          5, 	      31830
iid:   900,          5,          4, 	      33874
iid:   901,          6,          4, 	      35241
iid:   902,          6,          6, 	      37199
iid:   903,          4,          5, 	      30514
iid:   904,         10,          7, 	      31751
iid:   905,          5,          5, 	      29047
iid:   906,          4,          4, 	      25905
iid:   907,          7,          4, 	      31469
iid:   908,          4,          5, 	      31882
iid:   909,          8,          8, 	      34434
iid:   910,          6,          4, 	      30342
iid:   911,          7,          4, 	      29243
iid:   912,          5,          5, 	      33391
iid:   913,          5,          5, 	      36649
iid:   914,          7,          5, 	      35782
iid:   915,          6,          5, 	      31860
iid:   916,          6,          6, 	      33953
iid:   917,          7,          4, 	      30611
iid:   918,          5,          4, 	      29925
iid:   919,          6,          6, 	      36182
iid:   920,          5,          5, 	      32588
iid:   921,          7,          5, 	      31407
iid:   922,          5,          6, 	      34078
iid:   923,          5,          4, 	      29465
iid:   924,          6,          5, 	      32037
iid:   925,          9,          5, 	      33517
iid:   926,          7,          5, 	      33229
iid:   927,          4,          4, 	      32257
iid:   928,          7,          6, 	      34735
iid:   929,          7,          5, 	      35170
iid:   930,          4,          6, 	      31990
iid:   931,          6,          4, 	      30564
iid:   932,          4,          5, 	      29650
iid:   933,          9,          5, 	      34709
iid:   934,          6,          5, 	      33584
iid:   935,          6,          5, 	      30890
iid:   936,          6,          5, 	      32831
iid:   937,          6,          7, 	      33064
iid:   938,          4,          5, 	      29025
iid:   939,          8,          4, 	      28979
iid:   940,          6,          5, 	      30109
iid:   941,          6,          5, 	      29577
iid:   942,          6,          5, 	      29984
iid:   943,          6,          6, 	      32935
iid:   944,          8,          4, 	      30864
iid:   945,          4,          5, 	      31892
iid:   946,          5,          5, 	      31601
iid:   947,          7,          5, 	      31975
iid:   948,          4,          5, 	      29634
iid:   949,          8,          5, 	      31971
iid:   950,          6,          5, 	      31545
iid:   951,          7,          4, 	      30327
iid:   952,          4,          6, 	      30758
iid:   953,          7,          6, 	      31158
iid:   954,          6,          4, 	      31076
iid:   955,          7,          5, 	      30117
iid:   956,          5,          6, 	      32510
iid:   957,          6,          5, 	      29807
iid:   958,          4,          4, 	      28058
iid:   959,          9,          5, 	      33846
iid:   960,          5,          6, 	      33939
iid:   961,          8,          4, 	      29830
iid:   962,          4,          5, 	      28479
iid:   963,          6,          5, 	      32942
iid:   964,          4,          6, 	      30272
iid:   965,          9,          4, 	      33746
iid:   966,          6,          7, 	      35660
iid:   967,          6,          4, 	      30307
iid:   968,          6,          4, 	      31891
iid:   969,          7,          6, 	      33307
iid:   970,          6,          5, 	      30195
iid:   971,          5,          5, 	      30478
iid:   972,          6,          5, 	      33896
iid:   973,          8,          5, 	      31595
iid:   974,          4,          5, 	      30705
iid:   975,          7,          6, 	      30610
iid:   976,          6,          5, 	      30638
iid:   977,          6,          4, 	      29746
iid:   978,          6,          6, 	      33679
iid:   979,          4,          4, 	      27050
iid:   980,          7,          4, 	      29583
iid:   981,          4,          7, 	      29158
iid:   982,          8,          5, 	      31841
iid:   983,          4,          4, 	      27930
iid:   984,         10,          4, 	      30286
iid:   985,          5,          6, 	      30096
iid:   986,          6,          6, 	      31993
iid:   987,          5,          4, 	      28958
iid:   988,          9,          5, 	      32448
iid:   989,          4,          6, 	      32867
iid:   990,          7,          5, 	      30483
iid:   991,          7,          6, 	      32195
iid:   992,          5,          5, 	      30302
iid:   993,          7,          4, 	      32288
iid:   994,          6,          5, 	      31245
iid:   995,          4,          5, 	      32776
iid:   996,          7,          4, 	      31597
iid:   997,          7,          7, 	      39169
iid:   998,          4,          5, 	      31414
iid:   999,          4,          4, 	      28620
iid:  1000,          9,          5, 	      39704
iid:  1001,          4,          5, 	      35228
iid:  1002,          4,          5, 	      33292
iid:  1003,          4,          5, 	      29719
iid:  1004,         13,          8, 	      41588
iid:  1005,          5,          4, 	      26325
iid:  1006,          5,          4, 	      31264
iid:  1007,         10,          6, 	      34491
iid:  1008,          2,          3, 	      32921
iid:  1009,          2,          5, 	      32857
iid:  1010,          8,          4, 	      34163
iid:  1011,          4,          4, 	      39472
iid:  1012,          7,          3, 	      43615
iid:  1013,          2,          5, 	      39055
iid:  1014,          7,          5, 	      38312
iid:  1015,          2,          6, 	      31302
iid:  1016,          6,          4, 	      31838
iid:  1017,          6,          5, 	      27744
iid:  1018,          5,          4, 	      28650
iid:  1019,          6,          5, 	      31393
iid:  1020,          7,          5, 	      30830
iid:  1021,          5,          4, 	      30396
iid:  1022,          7,          5, 	      31088
iid:  1023,          5,          4, 	      33241
iid:  1024,          6,          5, 	      27854
iid:  1025,          6,          5, 	      33279
iid:  1026,          4,          5, 	      31000
iid:  1027,          8,          6, 	      32974
iid:  1028,          8,          4, 	      31275
iid:  1029,          4,          5, 	      31210
iid:  1030,          6,          5, 	      33574
iid:  1031,          8,          5, 	      32485
iid:  1032,          4,          5, 	      30668
iid:  1033,          7,          5, 	      31188
iid:  1034,          5,          6, 	      31403
iid:  1035,          7,          4, 	      28931
iid:  1036,          6,          6, 	      29627
iid:  1037,          5,          5, 	      28778
iid:  1038,          7,          4, 	      26679
iid:  1039,          6,          5, 	      32196
iid:  1040,          8,          6, 	      32209
iid:  1041,          4,          5, 	      29027
iid:  1042,          6,          5, 	      31570
iid:  1043,          6,          5, 	      27639
iid:  1044,          6,          6, 	      29315
iid:  1045,          6,          4, 	      32135
iid:  1046,          4,          5, 	      29728
iid:  1047,          8,          5, 	      29923
iid:  1048,          8,          6, 	      34037
iid:  1049,          4,          4, 	      27345
iid:  1050,          7,          5, 	      32217
iid:  1051,          5,          6, 	      32748
iid:  1052,          7,          4, 	      31101
iid:  1053,          5,          6, 	      27987
iid:  1054,          6,          4, 	      29194
iid:  1055,          6,          5, 	      29425
iid:  1056,          7,          5, 	      32563
iid:  1057,          7,          5, 	      31841
iid:  1058,          4,          5, 	      29543
iid:  1059,          8,          5, 	      33081
iid:  1060,          4,          5, 	      28919
iid:  1061,          7,          6, 	      31139
iid:  1062,          7,          4, 	      30558
iid:  1063,          6,          5, 	      29701
iid:  1064,          5,          5, 	      32596
iid:  1065,          4,          5, 	      29656
iid:  1066,          8,          6, 	      31012
iid:  1067,          8,          6, 	      32247
iid:  1068,          5,          5, 	      31972
iid:  1069,          7,          4, 	      30284
iid:  1070,          6,          5, 	      33165
iid:  1071,          4,          5, 	      30682
iid:  1072,          9,          5, 	      34182
iid:  1073,          4,          6, 	      31654
iid:  1074,          6,          3, 	      38344
iid:  1075,          2,          5, 	      37894
iid:  1076,          4,          5, 	      33708
iid:  1077,          4,          5, 	      33077
iid:  1078,          7,          6, 	      33277
iid:  1079,          8,          4, 	      38964
iid:  1080,          4,          5, 	      34426
iid:  1081,          6,          8, 	      41183
iid:  1082,         10,          4, 	      27900
iid:  1083,          5,          5, 	      33155
iid:  1084,          5,          3, 	      33163
iid:  1085,          2,          4, 	      31093
iid:  1086,         12,          5, 	      35458
iid:  1087,          2,          4, 	      34029
iid:  1088,          5,          4, 	      39290
iid:  1089,          5,          4, 	      38389
iid:  1090,          8,          6, 	      46903
iid:  1091,          7,          4, 	      43492
iid:  1092,          2,          4, 	      37311
iid:  1093,          2,          6, 	      31146
iid:  1094,          7,          4, 	      33865
iid:  1095,          4,          3, 	      29817
iid:  1096,          2,          5, 	      29497
iid:  1097,         10,          5, 	      40600
iid:  1098,          4,          4, 	      32975
iid:  1099,          4,          6, 	      27421
iid:  1100,          9,          4, 	      27658
iid:  1101,          5,          6, 	      31129
iid:  1102,          4,          3, 	      30409
iid:  1103,          2,          4, 	      29933
iid:  1104,          8,          4, 	      29941
iid:  1105,          6,          7, 	      29402
iid:  1106,          6,          4, 	      35838
iid:  1107,          8,          4, 	      33682
iid:  1108,          8,          3, 	      37187
iid:  1109,          2,          5, 	      36394
iid:  1110,          6,          6, 	      31949
iid:  1111,          5,          6, 	      27279
iid:  1112,          6,          4, 	      28809
iid:  1113,          4,          4, 	      30111
iid:  1114,          7,          4, 	      30327
iid:  1115,          9,          5, 	      33892
iid:  1116,          2,          6, 	      29452
iid:  1117,          7,          5, 	      30733
iid:  1118,          5,          3, 	      30990
iid:  1119,          2,          5, 	      30391
iid:  1120,          8,          5, 	      32982
iid:  1121,          5,          4, 	      34232
iid:  1122,          2,          5, 	      30096
iid:  1123,          7,          5, 	      31544
iid:  1124,          5,          4, 	      29111
iid:  1125,          5,          4, 	      30037
iid:  1126,          5,          6, 	      30872
iid:  1127,          8,          4, 	      29499
iid:  1128,          5,          4, 	      28218
iid:  1129,          6,          6, 	      28145
iid:  1130,          8,          5, 	      29393
iid:  1131,          5,          4, 	      29784
iid:  1132,          7,          6, 	      31994
iid:  1133,          6,          4, 	      29304
iid:  1134,          4,          5, 	      29143
iid:  1135,          9,          5, 	      33515
iid:  1136,          4,          6, 	      30299
iid:  1137,          8,          3, 	      31415
iid:  1138,          2,          5, 	      30484
iid:  1139,          5,          5, 	      32270
iid:  1140,          5,          5, 	      28840
iid:  1141,          8,          6, 	      31679
iid:  1142,          5,          7, 	      29572
iid:  1143,          6,          4, 	      30721
iid:  1144,          6,          3, 	      30193
iid:  1145,          2,          4, 	      29779
iid:  1146,          9,          5, 	      34725
iid:  1147,          4,          5, 	      28130
iid:  1148,          5,          5, 	      28793
iid:  1149,         10,          5, 	      35472
iid:  1150,          5,          5, 	      37303
iid:  1151,          7,          3, 	      35191
iid:  1152,          2,          6, 	      34361
iid:  1153,          7,          6, 	      30674
iid:  1154,          4,          4, 	      28127
iid:  1155,          4,          5, 	      29973
iid:  1156,          7,          4, 	      27461
iid:  1157,          8,          4, 	      31066
iid:  1158,          4,          5, 	      31629
iid:  1159,          4,          6, 	      27754
iid:  1160,          9,          4, 	      30603
iid:  1161,          4,          5, 	      28776
iid:  1162,         10,          6, 	      39313
iid:  1163,          4,          5, 	      34327
iid:  1164,          4,          5, 	      27363
iid:  1165,         10,          5, 	      33755
iid:  1166,          4,          6, 	      33660
iid:  1167,          4,          5, 	      31263
iid:  1168,          4,          4, 	      29049
iid:  1169,         11,          8, 	      38991
iid:  1170,          6,          4, 	      28753
iid:  1171,          6,          4, 	      27558
iid:  1172,          4,          6, 	      30126
iid:  1173,          8,          4, 	      31147
iid:  1174,          4,          5, 	      31417
iid:  1175,          8,          5, 	      34228
iid:  1176,          7,          4, 	      33729
iid:  1177,          4,          4, 	      33247
iid:  1178,          6,          6, 	      35533
iid:  1179,          4,          4, 	      31332
iid:  1180,          8,          6, 	      34404
iid:  1181,          6,          6, 	      29193
iid:  1182,          6,          5, 	      28705
iid:  1183,          8,          4, 	      29563
iid:  1184,          5,          6, 	      31876
iid:  1185,          6,          5, 	      31958
iid:  1186,          7,          4, 	      30716
iid:  1187,          4,          6, 	      30486
iid:  1188,          7,          5, 	      29189
iid:  1189,          4,          5, 	      29183
iid:  1190,          8,          5, 	      28835
iid:  1191,          8,          4, 	      29056
iid:  1192,          5,          5, 	      30423
iid:  1193,          5,          6, 	      30601
iid:  1194,          8,          6, 	      32982
iid:  1195,          4,          5, 	      29570
iid:  1196,          6,          5, 	      29321
iid:  1197,          8,          5, 	      31958
iid:  1198,          5,          4, 	      29629
iid:  1199,          5,          5, 	      29424
iid:  1200,          7,          5, 	      33110
iid:  1201,          6,          5, 	      29845
iid:  1202,          7,          5, 	      30694
iid:  1203,          6,          6, 	      31112
iid:  1204,          6,          4, 	      31126
iid:  1205,          4,          5, 	      30376
iid:  1206,          6,          6, 	      31462
iid:  1207,          4,          5, 	      26358
iid:  1208,          9,          4, 	      31327
iid:  1209,          6,          5, 	      31008
iid:  1210,          4,          5, 	      27985
iid:  1211,          7,          6, 	      31590
iid:  1212,          7,          4, 	      29792
iid:  1213,          7,          6, 	      32498
iid:  1214,          5,          5, 	      30430
iid:  1215,          6,          6, 	      29081
iid:  1216,          7,          4, 	      29522
iid:  1217,          5,          6, 	      34165
iid:  1218,          8,          5, 	      32720
iid:  1219,          6,          5, 	      35778
iid:  1220,          4,          4, 	      28559
iid:  1221,          9,          5, 	      34553
iid:  1222,          4,          5, 	      32298
iid:  1223,          6,          5, 	      33558
iid:  1224,          4,          6, 	      32077
iid:  1225,          9,          4, 	      32021
iid:  1226,          4,          5, 	      31404
iid:  1227,          5,          6, 	      30815
iid:  1228,          9,          4, 	      33501
iid:  1229,          4,          6, 	      30764
iid:  1230,          5,          6, 	      30185
iid:  1231,          7,          4, 	      29895
iid:  1232,          7,          6, 	      27284
iid:  1233,          5,          4, 	      28807
iid:  1234,          4,          5, 	      30490
iid:  1235,          9,          5, 	      28929
iid:  1236,          5,          4, 	      30140
iid:  1237,          8,          6, 	      31274
iid:  1238,          4,          4, 	      28979
iid:  1239,          9,          5, 	      33621
iid:  1240,          4,          6, 	      30611
iid:  1241,          7,          6, 	      31135
iid:  1242,          6,          5, 	      27502
iid:  1243,          7,          5, 	      32700
iid:  1244,          7,          3, 	      33195
iid:  1245,          2,          5, 	      32633
iid:  1246,          5,          5, 	      30166
iid:  1247,          5,          6, 	      28233
iid:  1248,          6,          5, 	      32827
iid:  1249,          7,          5, 	      27328
iid:  1250,          5,          4, 	      29527
iid:  1251,          6,          4, 	      30998
iid:  1252,          6,          6, 	      28978
iid:  1253,          6,          5, 	      28218
iid:  1254,          7,          5, 	      29190
iid:  1255,          6,          4, 	      30738
iid:  1256,          5,          5, 	      28567
iid:  1257,          8,          5, 	      33014
iid:  1258,          4,          5, 	      29797
iid:  1259,          7,          6, 	      34088
iid:  1260,          6,          5, 	      29631
iid:  1261,          5,          4, 	      30768
iid:  1262,          4,          5, 	      30542
iid:  1263,          8,          6, 	      30591
iid:  1264,          7,          4, 	      28503
iid:  1265,          5,          6, 	      26846
iid:  1266,          8,          5, 	      31626
iid:  1267,          7,          4, 	      29359
iid:  1268,          4,          8, 	      29810
iid:  1269,          7,          4, 	      30640
iid:  1270,          7,          5, 	      30869
iid:  1271,          7,          3, 	      33015
iid:  1272,          2,          6, 	      32611
iid:  1273,          4,          5, 	      28699
iid:  1274,          6,          4, 	      27349
iid:  1275,          6,          4, 	      31599
iid:  1276,          7,          6, 	      32478
iid:  1277,          4,          4, 	      27538
iid:  1278,          6,          6, 	      29304
iid:  1279,          8,          5, 	      28660
iid:  1280,          6,          6, 	      28334
iid:  1281,          5,          4, 	      27713
iid:  1282,          8,          6, 	      31223
iid:  1283,          5,          4, 	      28972
iid:  1284,          5,          3, 	      30039
iid:  1285,          2,          6, 	      29587
iid:  1286,          7,          4, 	      30799
iid:  1287,          7,          5, 	      30563
iid:  1288,          5,          5, 	      31849
iid:  1289,          9,          5, 	      33477
iid:  1290,          6,          5, 	      33312
iid:  1291,          4,          4, 	      29361
iid:  1292,          9,          7, 	      32498
iid:  1293,          5,          4, 	      27953
iid:  1294,          4,          3, 	      32095
iid:  1295,          2,          5, 	      30166
iid:  1296,         10,          6, 	      35283
iid:  1297,          4,          5, 	      30920
iid:  1298,          5,          6, 	      32384
iid:  1299,          7,          4, 	      30945
iid:  1300,         10,          5, 	      44356
iid:  1301,          4,          3, 	      43747
iid:  1302,          2,          5, 	      39532
iid:  1303,          4,          7, 	      35036
iid:  1304,          4,          4, 	      27835
iid:  1305,          9,          3, 	      35370
iid:  1306,          2,          5, 	      34917
iid:  1307,          4,          5, 	      36135
iid:  1308,          4,          8, 	      31078
iid:  1309,         13,          4, 	      27128
iid:  1310,          5,          3, 	      31797
iid:  1311,          2,          4, 	      31359
iid:  1312,          8,          4, 	      35683
iid:  1313,          2,          3, 	      34345
iid:  1314,          2,          6, 	      34354
iid:  1315,          5,          4, 	      28583
iid:  1316,          5,          4, 	      32973
iid:  1317,          7,          3, 	      40522
iid:  1318,          2,          5, 	      40182
iid:  1319,          4,          8, 	      34319
iid:  1320,         13,          4, 	      31381
iid:  1321,          5,          4, 	      34611
iid:  1322,          8,          4, 	      38343
iid:  1323,          2,          3, 	      36110
iid:  1324,          2,          3, 	      35781
iid:  1325,          2,          3, 	      35393
iid:  1326,          2,          6, 	      29473
iid:  1327,          7,          4, 	      35352
iid:  1328,          5,          4, 	      39691
iid:  1329,          4,          4, 	      41520
iid:  1330,          2,          5, 	      32409
iid:  1331,          9,          5, 	      26391
iid:  1332,          9,          4, 	      28629
iid:  1333,          5,          4, 	      31645
iid:  1334,          7,          4, 	      34491
iid:  1335,          2,          3, 	      33999
iid:  1336,          2,          5, 	      33770
iid:  1337,          4,          6, 	      30163
iid:  1338,          8,          4, 	      32196
iid:  1339,          4,          4, 	      29952
iid:  1340,          7,          4, 	      36102
iid:  1341,          8,          6, 	      37045
iid:  1342,          6,          5, 	      29562
iid:  1343,          4,          6, 	      26749
iid:  1344,          9,          5, 	      29236
iid:  1345,          6,          4, 	      30165
iid:  1346,          7,          3, 	      34344
iid:  1347,          2,          5, 	      33743
iid:  1348,          4,          4, 	      28325
iid:  1349,          5,          8, 	      29501
iid:  1350,          9,          4, 	      30717
iid:  1351,          4,          4, 	      28989
iid:  1352,          5,          4, 	      33488
iid:  1353,          4,          6, 	      32855
iid:  1354,          9,          5, 	      29413
iid:  1355,          4,          6, 	      27908
iid:  1356,         11,          4, 	      28592
iid:  1357,          5,          5, 	      30705
iid:  1358,          7,          3, 	      33537
iid:  1359,          2,          7, 	      33117
iid:  1360,          6,          3, 	      32086
iid:  1361,          2,          4, 	      31705
iid:  1362,          7,          6, 	      31093
iid:  1363,          5,          4, 	      31713
iid:  1364,          6,          4, 	      33965
iid:  1365,          6,          6, 	      33603
iid:  1366,          8,          5, 	      30048
iid:  1367,          5,          5, 	      27307
iid:  1368,          5,          4, 	      27333
iid:  1369,          9,          6, 	      29954
iid:  1370,          6,          4, 	      32719
iid:  1371,          6,          4, 	      35661
iid:  1372,          2,          6, 	      31659
iid:  1373,          4,          5, 	      27585
iid:  1374,          9,          5, 	      31863
iid:  1375,          4,          5, 	      31355
iid:  1376,          5,          3, 	      32440
iid:  1377,          2,          4, 	      31494
iid:  1378,          4,          6, 	      29193
iid:  1379,          9,          5, 	      26802
iid:  1380,          6,          5, 	      27505
iid:  1381,          8,          6, 	      27782
iid:  1382,          6,          3, 	      30357
iid:  1383,          2,          6, 	      29870
iid:  1384,          8,          4, 	      27985
iid:  1385,          5,          5, 	      31272
iid:  1386,          8,          3, 	      33779
iid:  1387,          2,          3, 	      33421
iid:  1388,          2,          5, 	      33006
iid:  1389,          7,          3, 	      33497
iid:  1390,          2,          6, 	      32669
iid:  1391,          4,          4, 	      26565
iid:  1392,         10,          5, 	      33100
iid:  1393,          4,          3, 	      35750
iid:  1394,          2,          7, 	      31113
iid:  1395,          9,          4, 	      36286
iid:  1396,          4,          4, 	      31191
iid:  1397,          6,          4, 	      37598
iid:  1398,          2,          5, 	      36701
iid:  1399,          5,          4, 	      27487
iid:  1400,          4,          3, 	      28613
iid:  1401,          2,          6, 	      28087
iid:  1402,         13,          6, 	      40110
iid:  1403,          5,          4, 	      30061
iid:  1404,          5,          4, 	      29527
iid:  1405,          8,          5, 	      32170
iid:  1406,          2,          5, 	      31182
iid:  1407,          6,          4, 	      30200
iid:  1408,          6,          4, 	      30581
iid:  1409,          7,          4, 	      36038
iid:  1410,          4,          4, 	      32636
iid:  1411,          5,          5, 	      38827
iid:  1412,          6,          6, 	      31207
iid:  1413,          8,          5, 	      32475
iid:  1414,          6,          5, 	      29658
iid:  1415,          5,          5, 	      29461
iid:  1416,          8,          4, 	      31800
iid:  1417,          6,          5, 	      29817
iid:  1418,          4,          6, 	      31480
iid:  1419,          8,          6, 	      30069
iid:  1420,          4,          4, 	      28684
iid:  1421,          8,          6, 	      30129
iid:  1422,          4,          5, 	      29583
iid:  1423,          6,          4, 	      26200
iid:  1424,          9,          5, 	      36956
iid:  1425,          4,          6, 	      34048
iid:  1426,          5,          6, 	      31316
iid:  1427,          7,          4, 	      30182
iid:  1428,          4,          5, 	      30756
iid:  1429,          5,          5, 	      28787
iid:  1430,          7,          5, 	      36355
iid:  1431,         10,          4, 	      35583
iid:  1432,          4,          6, 	      32658
iid:  1433,          6,          3, 	      30726
iid:  1434,          2,          7, 	      30019
iid:  1435,          8,          3, 	      35532
iid:  1436,          3,          4, 	      30835
iid:  1437,          2,          4, 	      29807
iid:  1438,          9,          5, 	      29830
iid:  1439,          4,          6, 	      31133
iid:  1440,          7,          5, 	      30046
iid:  1441,          5,          4, 	      28433
iid:  1442,          8,          4, 	      31561
iid:  1443,          4,          3, 	      28335
iid:  1444,          2,          6, 	      27700
iid:  1445,          9,          5, 	      29008
iid:  1446,          4,          5, 	      31059
iid:  1447,          6,          4, 	      30829
iid:  1448,          6,          4, 	      31729
iid:  1449,          4,          6, 	      29771
iid:  1450,          6,          5, 	      26777
iid:  1451,          7,          5, 	      31645
iid:  1452,          7,          4, 	      27107
iid:  1453,          4,          5, 	      27582
iid:  1454,          8,          5, 	      32542
iid:  1455,          7,          5, 	      31033
iid:  1456,          4,          6, 	      27950
iid:  1457,          6,          5, 	      28685
iid:  1458,          8,          5, 	      32581
iid:  1459,          6,          4, 	      31257
iid:  1460,          7,          5, 	      33376
iid:  1461,          4,          6, 	      29633
iid:  1462,          6,          6, 	      28594
iid:  1463,          7,          3, 	      30020
iid:  1464,          2,          5, 	      29503
iid:  1465,         10,          4, 	      31594
iid:  1466,          4,          4, 	      30767
iid:  1467,          4,          6, 	      28163
iid:  1468,          4,          6, 	      26595
iid:  1469,          9,          5, 	      28381
iid:  1470,          4,          4, 	      28919
iid:  1471,          6,          5, 	      29176
iid:  1472,          7,          5, 	      28142
iid:  1473,          9,          7, 	      27576
iid:  1474,          4,          5, 	      29776
iid:  1475,          7,          5, 	      29135
iid:  1476,          7,          3, 	      32459
iid:  1477,          2,          5, 	      31848
iid:  1478,          5,          4, 	      27004
iid:  1479,          7,          6, 	      33620
iid:  1480,          4,          4, 	      30308
iid:  1481,          4,          5, 	      28495
iid:  1482,         10,          5, 	      35340
iid:  1483,          4,          4, 	      30776
iid:  1484,          4,          7, 	      27892
iid:  1485,         10,          4, 	      26319
iid:  1486,          6,          4, 	      31033
iid:  1487,          4,          5, 	      32048
iid:  1488,          2,          5, 	      30960
iid:  1489,         10,          4, 	      33273
iid:  1490,          4,          6, 	      32490
iid:  1491,          4,          5, 	      30037
iid:  1492,         11,          4, 	      32977
iid:  1493,          4,          4, 	      32771
iid:  1494,          4,          5, 	      31045
iid:  1495,          5,          6, 	      31018
iid:  1496,         10,          4, 	      26812
iid:  1497,          6,          6, 	      29577
iid:  1498,          5,          6, 	      30504
iid:  1499,          7,          4, 	      27602
iid:  1500,          6,          5, 	      31065
iid:  1501,          6,          6, 	      32942
iid:  1502,          6,          5, 	      29938
iid:  1503,          4,          4, 	      27583
iid:  1504,         10,          5, 	      34771
iid:  1505,          4,          5, 	      30139
iid:  1506,          4,          5, 	      27801
iid:  1507,          9,          5, 	      32292
iid:  1508,          4,          6, 	      29369
iid:  1509,          4,          4, 	      28913
iid:  1510,          7,          6, 	      28715
iid:  1511,          6,          4, 	      31674
iid:  1512,          8,          6, 	      26485
iid:  1513,          5,          5, 	      31216
iid:  1514,          7,          6, 	      27363
iid:  1515,          6,          3, 	      31373
iid:  1516,          2,          4, 	      27800
iid:  1517,          8,          4, 	      32530
iid:  1518,          2,          5, 	      32241
iid:  1519,          6,          5, 	      31695
iid:  1520,          4,          6, 	      31231
iid:  1521,          9,          4, 	      29947
iid:  1522,          6,          5, 	      32153
iid:  1523,          7,          5, 	      30380
iid:  1524,          4,          6, 	      29518
iid:  1525,          6,          4, 	      28679
iid:  1526,          7,          4, 	      31000
iid:  1527,          5,          6, 	      29950
iid:  1528,          4,          4, 	      29597
iid:  1529,          6,          4, 	      31200
iid:  1530,          4,          6, 	      30273
iid:  1531,          9,          6, 	      30291
iid:  1532,          4,          6, 	      27676
iid:  1533,         11,          4, 	      26834
iid:  1534,          5,          5, 	      30616
iid:  1535,          4,          4, 	      31576
iid:  1536,          2,          4, 	      31092
iid:  1537,         10,          6, 	      31355
iid:  1538,          4,          4, 	      34643
iid:  1539,          5,          6, 	      33103
iid:  1540,          4,          4, 	      31939
iid:  1541,         12,          4, 	      34298
iid:  1542,          4,          5, 	      33359
iid:  1543,          4,          6, 	      27097
iid:  1544,          9,          5, 	      26720
iid:  1545,          4,          3, 	      29448
iid:  1546,          2,          5, 	      28915
iid:  1547,          9,          6, 	      30126
iid:  1548,          5,          8, 	      27582
iid:  1549,          8,          4, 	      26593
iid:  1550,          5,          4, 	      29558
iid:  1551,          8,          3, 	      33535
iid:  1552,          2,          4, 	      31076
iid:  1553,          2,          5, 	      30038
iid:  1554,          5,          4, 	      26900
iid:  1555,          7,          6, 	      34248
iid:  1556,          4,          4, 	      33386
iid:  1557,          5,          4, 	      35496
iid:  1558,          4,          4, 	      34772
iid:  1559,          2,          5, 	      29418
iid:  1560,         11,          6, 	      32358
iid:  1561,          6,          4, 	      27777
iid:  1562,          7,          6, 	      31253
iid:  1563,          7,          3, 	      33806
iid:  1564,          2,          6, 	      33497
iid:  1565,          8,          3, 	      32211
iid:  1566,          2,          4, 	      31524
iid:  1567,          5,          5, 	      31533
iid:  1568,          7,          4, 	      32612
iid:  1569,          4,          3, 	      34765
iid:  1570,          2,          6, 	      28167
iid:  1571,          9,          5, 	      30572
iid:  1572,          4,          4, 	      29161
iid:  1573,          6,          5, 	      30147
iid:  1574,          4,          6, 	      28965
iid:  1575,          9,          4, 	      28500
iid:  1576,          6,          6, 	      31249
iid:  1577,          5,          4, 	      30689
iid:  1578,          8,          4, 	      31803
iid:  1579,          6,          5, 	      30043
iid:  1580,          2,          4, 	      29043
iid:  1581,          7,          6, 	      28687
iid:  1582,          6,          5, 	      34167
iid:  1583,          7,          4, 	      31970
iid:  1584,          5,          5, 	      33026
iid:  1585,          5,          4, 	      30952
iid:  1586,          2,          5, 	      29897
iid:  1587,          4,          5, 	      26154
iid:  1588,         10,          5, 	      34416
iid:  1589,          4,          4, 	      29113
iid:  1590,          4,          4, 	      29395
iid:  1591,          4,          7, 	      27384
iid:  1592,         12,          4, 	      30288
iid:  1593,          5,          6, 	      33364
iid:  1594,          7,          4, 	      26040
iid:  1595,          7,          6, 	      30430
iid:  1596,          5,          4, 	      30903
iid:  1597,          2,          5, 	      30294
iid:  1598,          9,          4, 	      29636
iid:  1599,          4,          5, 	      30333
iid:  1600,          6,          4, 	      34956
iid:  1601,          4,          6, 	      34111
iid:  1602,          7,          4, 	      31848
iid:  1603,          4,          5, 	      31185
iid:  1604,         10,          6, 	      32464
iid:  1605,          5,          5, 	      27279
iid:  1606,          7,          4, 	      30982
iid:  1607,          4,          5, 	      30916
iid:  1608,          7,          6, 	      28648
iid:  1609,          6,          6, 	      29037
iid:  1610,          5,          4, 	      27548
iid:  1611,          8,          5, 	      27964
iid:  1612,          7,          4, 	      30207
iid:  1613,          4,          4, 	      30352
iid:  1614,          2,          6, 	      26709
iid:  1615,          9,          5, 	      29531
iid:  1616,          4,          4, 	      30496
iid:  1617,          4,          6, 	      30212
iid:  1618,          8,          4, 	      28134
iid:  1619,          6,          4, 	      29792
iid:  1620,          4,          6, 	      28252
iid:  1621,          8,          5, 	      29061
iid:  1622,          7,          5, 	      27113
iid:  1623,          7,          3, 	      28877
iid:  1624,          2,          6, 	      28567
iid:  1625,          8,          5, 	      30544
iid:  1626,          5,          3, 	      28371
iid:  1627,          2,          6, 	      27837
iid:  1628,          5,          4, 	      26516
iid:  1629,          9,          6, 	      29578
iid:  1630,          4,          5, 	      33011
iid:  1631,          4,          5, 	      27477
iid:  1632,          8,          4, 	      31262
iid:  1633,          7,          4, 	      28754
iid:  1634,          4,          7, 	      29104
iid:  1635,          6,          4, 	      29705
iid:  1636,          8,          5, 	      28432
iid:  1637,          6,          3, 	      31521
iid:  1638,          2,          6, 	      30517
iid:  1639,          7,          5, 	      32158
iid:  1640,          5,          4, 	      26421
iid:  1641,          6,          5, 	      29437
iid:  1642,          6,          6, 	      30485
iid:  1643,          7,          4, 	      28478
iid:  1644,          5,          4, 	      29787
iid:  1645,          5,          6, 	      29374
iid:  1646,          8,          4, 	      30592
iid:  1647,          5,          5, 	      27770
iid:  1648,          5,          5, 	      32961
iid:  1649,          4,          5, 	      29130
iid:  1650,          8,          5, 	      27437
iid:  1651,          9,          5, 	      28852
iid:  1652,          4,          6, 	      27764
iid:  1653,          8,          4, 	      26053
iid:  1654,          6,          3, 	      29798
iid:  1655,          2,          6, 	      29468
iid:  1656,          8,          7, 	      28518
iid:  1657,          4,          5, 	      29483
iid:  1658,          4,          4, 	      26225
iid:  1659,          8,          6, 	      29680
iid:  1660,          5,          4, 	      29948
iid:  1661,          9,          5, 	      38647
iid:  1662,          4,          5, 	      37373
iid:  1663,          4,          4, 	      31380
iid:  1664,          8,          3, 	      38981
iid:  1665,          2,          7, 	      38594
iid:  1666,          4,          4, 	      33274
iid:  1667,          4,          5, 	      28413
iid:  1668,          4,          8, 	      31229
iid:  1669,         15,          4, 	      26761
iid:  1670,          5,          7, 	      29703
iid:  1671,          5,          4, 	      31338
iid:  1672,          7,          3, 	      32131
iid:  1673,          2,          5, 	      31835
iid:  1674,          9,          3, 	      30249
iid:  1675,          2,          4, 	      29819
iid:  1676,          5,          4, 	      35327
iid:  1677,          5,          4, 	      39548
iid:  1678,          4,          7, 	      39132
iid:  1679,         10,          5, 	      29342
iid:  1680,          6,          6, 	      29459
iid:  1681,          6,          4, 	      26443
iid:  1682,          6,          4, 	      33741
iid:  1683,          8,          3, 	      33384
iid:  1684,          2,          4, 	      33084
iid:  1685,          2,          5, 	      32559
iid:  1686,          4,          6, 	      29350
iid:  1687,          6,          4, 	      30330
iid:  1688,          4,          5, 	      29710
iid:  1689,          6,          4, 	      35786
iid:  1690,         10,          4, 	      35617
iid:  1691,          2,          7, 	      29536
iid:  1692,          8,          4, 	      26843
iid:  1693,          5,          5, 	      31922
iid:  1694,          7,          3, 	      34038
iid:  1695,          2,          3, 	      33737
iid:  1696,          2,          6, 	      33412
iid:  1697,          8,          4, 	      32533
iid:  1698,          4,          5, 	      31871
iid:  1699,          6,          4, 	      35001
iid:  1700,          6,          4, 	      33430
iid:  1701,          6,          5, 	      34304
iid:  1702,          7,          7, 	      28517
iid:  1703,          6,          4, 	      27307
iid:  1704,          7,          6, 	      26857
iid:  1705,          6,          3, 	      30540
iid:  1706,          2,          4, 	      29659
iid:  1707,          8,          4, 	      31820
iid:  1708,          2,          5, 	      30563
iid:  1709,          4,          6, 	      26001
iid:  1710,          9,          5, 	      32456
iid:  1711,          4,          4, 	      28070
iid:  1712,          5,          3, 	      36073
iid:  1713,          2,          5, 	      31857
iid:  1714,          4,          5, 	      27610
iid:  1715,         12,          6, 	      30521
iid:  1716,          4,          4, 	      29199
iid:  1717,          4,          6, 	      27240
iid:  1718,          8,          3, 	      30303
iid:  1719,          2,          4, 	      29896
iid:  1720,          8,          6, 	      28015
iid:  1721,          4,          4, 	      27208
iid:  1722,          9,          3, 	      28693
iid:  1723,          2,          6, 	      28225
iid:  1724,          7,          4, 	      28854
iid:  1725,          6,          3, 	      31861
iid:  1726,          2,          6, 	      31204
iid:  1727,          6,          6, 	      31946
iid:  1728,          6,          4, 	      27427
iid:  1729,          5,          4, 	      32467
iid:  1730,          6,          5, 	      27941
iid:  1731,          5,          6, 	      33185
iid:  1732,          9,          4, 	      27741
iid:  1733,          6,          5, 	      28485
iid:  1734,          6,          6, 	      31166
iid:  1735,          6,          4, 	      28940
iid:  1736,          6,          4, 	      31228
iid:  1737,          7,          4, 	      34966
iid:  1738,          2,          6, 	      34684
iid:  1739,          6,          4, 	      32255
iid:  1740,          4,          5, 	      31492
iid:  1741,          4,          5, 	      28239
iid:  1742,          8,          5, 	      34027
iid:  1743,          7,          4, 	      32169
iid:  1744,          4,          5, 	      30367
iid:  1745,          4,          6, 	      25858
iid:  1746,         12,          4, 	      30541
iid:  1747,          4,          7, 	      30656
iid:  1748,          5,          5, 	      29975
iid:  1749,          8,          5, 	      27091
iid:  1750,          6,          4, 	      32571
iid:  1751,          8,          4, 	      35968
iid:  1752,          2,          5, 	      32948
iid:  1753,          6,          4, 	      28483
iid:  1754,          5,          5, 	      28662
iid:  1755,          5,          6, 	      33496
iid:  1756,          4,          4, 	      29754
iid:  1757,          8,          5, 	      28759
iid:  1758,          6,          5, 	      33454
iid:  1759,          4,          6, 	      27415
iid:  1760,          7,          5, 	      27670
iid:  1761,          9,          3, 	      28448
iid:  1762,          2,          6, 	      27886
iid:  1763,          7,          5, 	      26784
iid:  1764,          6,          5, 	      26875
iid:  1765,          8,          6, 	      34588
iid:  1766,          6,          3, 	      33032
iid:  1767,          2,          5, 	      32678
iid:  1768,          5,          3, 	      32020
iid:  1769,          2,          5, 	      31486
iid:  1770,          4,          5, 	      26633
iid:  1771,          7,          4, 	      28938
iid:  1772,          7,          5, 	      31205
iid:  1773,          4,          4, 	      28345
iid:  1774,          4,          6, 	      26467
iid:  1775,         11,          4, 	      26141
iid:  1776,          4,          6, 	      29931
iid:  1777,          5,          5, 	      29776
iid:  1778,          9,          3, 	      30306
iid:  1779,          2,          3, 	      29508
iid:  1780,          2,          6, 	      29417
iid:  1781,          9,          5, 	      31385
iid:  1782,          5,          4, 	      32925
iid:  1783,          4,          6, 	      32502
iid:  1784,          8,          5, 	      28401
iid:  1785,          7,          5, 	      29776
iid:  1786,          4,          5, 	      29075
iid:  1787,          9,          5, 	      29482
iid:  1788,          5,          4, 	      30510
iid:  1789,          4,          3, 	      30418
iid:  1790,          2,          4, 	      30003
iid:  1791,          9,          6, 	      33003
iid:  1792,          5,          5, 	      29307
iid:  1793,          4,          6, 	      27717
iid:  1794,          9,          4, 	      31068
iid:  1795,          4,          4, 	      30136
iid:  1796,          6,          7, 	      31853
iid:  1797,          7,          4, 	      29394
iid:  1798,          8,          6, 	      30198
iid:  1799,          6,          3, 	      32866
iid:  1800,          2,          5, 	      32795
iid:  1801,          5,          5, 	      26096
iid:  1802,          6,          4, 	      30001
iid:  1803,          6,          6, 	      31279
iid:  1804,          4,          5, 	      28726
iid:  1805,          8,          4, 	      30216
iid:  1806,          4,          4, 	      29699
iid:  1807,          8,          7, 	      29651
iid:  1808,          7,          4, 	      28241
iid:  1809,          7,          6, 	      28719
iid:  1810,          7,          5, 	      31891
iid:  1811,          6,          4, 	      33755
iid:  1812,          2,          6, 	      30868
iid:  1813,          6,          5, 	      31259
iid:  1814,          6,          4, 	      31736
iid:  1815,          4,          4, 	      30533
iid:  1816,          6,          4, 	      36031
iid:  1817,          2,          4, 	      31143
iid:  1818,          4,          6, 	      27157
iid:  1819,         10,          5, 	      28941
iid:  1820,          5,          5, 	      27007
iid:  1821,          5,          5, 	      28079
iid:  1822,          9,          5, 	      29063
iid:  1823,          7,          6, 	      31116
iid:  1824,          5,          4, 	      28479
iid:  1825,          8,          4, 	      35254
iid:  1826,          5,          4, 	      33067
iid:  1827,          2,          3, 	      31771
iid:  1828,          2,          5, 	      31669
iid:  1829,          9,          4, 	      33183
iid:  1830,          4,          6, 	      32211
iid:  1831,          4,          5, 	      27828
iid:  1832,         10,          5, 	      33412
iid:  1833,          4,          4, 	      30303
iid:  1834,          4,          7, 	      27537
iid:  1835,          9,          4, 	      29698
iid:  1836,          6,          4, 	      26393
iid:  1837,          6,          6, 	      30715
iid:  1838,          5,          5, 	      31221
iid:  1839,          6,          5, 	      29836
iid:  1840,          7,          3, 	      32212
iid:  1841,          2,          6, 	      31735
iid:  1842,          7,          4, 	      30528
iid:  1843,          4,          5, 	      30088
iid:  1844,          6,          5, 	      32873
iid:  1845,          4,          4, 	      29349
iid:  1846,         12,          6, 	      36012
iid:  1847,          4,          4, 	      28861
i