iid:     9,          4,          4, 	      27231
iid:    10,          6,          4, 	      37248
iid:    11,          4,          4, 	      37523
iid:    12,          8,          4, 	      47273
iid:    13,          7,          3, 	      50564
iid:    14,          2,          4, 	      50147
iid:    15,         14,          4, 	      57126
iid:    16,          4,          3, 	      58526
iid:    17,          2,          3, 	      58162
iid:    18,          2,          4, 	      57808
iid:    19,          2,          5, 	      30724
iid:    20,          2,          3, 	      18307
iid:    21,          3,          6, 	      17437
iid:    22,         10,          4, 	      21045
iid:    23,          4,          4, 	      19651
iid:    24,          4,          6, 	      19539
iid:    25,         12,          4, 	      15251
iid:    26,         12,          4, 	      25532
iid:    27,          4,          3, 	      23200
iid:    28,          2,          3, 	      22987
iid:    29,          2,          3, 	      22864
iid:    30,          2,          3, 	      22348
iid:    31,          2,          4, 	      21475
iid:    32,         22,          4, 	      35011
iid:    33,          6,          4, 	      36220
iid:    34,          7,          5, 	      42030
iid:    35,          5,          7, 	      33074
iid:    36,         11,          4, 	      26064
iid:    37,         21,          4, 	      20762
iid:    38,          5,          3, 	      21506
iid:    39,          2,          4, 	      21123
iid:    40,          2,          3, 	      20336
iid:    41,          2,          7, 	      19827
iid:    42,          9,          4, 	      24228
iid:    43,          4,          5, 	      21048
iid:    44,          4,          3, 	      20039
iid:    45,          2,          5, 	      19727
iid:    46,         26,          5, 	      32221
iid:    47,         15,          7, 	      29926
iid:    48,          5,          3, 	      30261
iid:    49,          2,          3, 	      30042
iid:    50,          2,          3, 	      29837
iid:    51,          2,          3, 	      29612
iid:    52,          2,          3, 	      20523
iid:    53,          2,          3, 	      19773
iid:    54,          2,          3, 	      19520
iid:    55,          2,          5, 	      19264
iid:    56,         26,          7, 	      26418
iid:    57,          4,          4, 	      19492
iid:    58,         14,          4, 	      15911
iid:    59,          9,          4, 	      21476
iid:    60,          4,          4, 	      23969
iid:    61,          2,          3, 	      23055
iid:    62,          2,          3, 	      22772
iid:    63,          2,          3, 	      22503
iid:    64,          2,          3, 	      22200
iid:    65,          2,          4, 	      21922
iid:    66,         22,          4, 	      37026
iid:    67,          4,          4, 	      32170
iid:    68,          2,          6, 	      22782
iid:    69,         10,          4, 	      15305
iid:    70,          9,          4, 	      21737
iid:    71,         13,          3, 	      24323
iid:    72,          2,          3, 	      24054
iid:    73,          3,          5, 	      23805
iid:    74,          2,          4, 	      22605
iid:    75,         12,          4, 	      35751
iid:    76,          4,          4, 	      26083
iid:    77,          4,          3, 	      25433
iid:    78,          2,          5, 	      25080
iid:    79,          4,          6, 	      19831
iid:    80,         20,          4, 	      25318
iid:    81,          4,          8, 	      22416
iid:    82,         24,          4, 	      23851
iid:    83,          8,          3, 	      25896
iid:    84,          2,          3, 	      25505
iid:    85,          2,          3, 	      21395
iid:    86,          2,          3, 	      21299
iid:    87,          2,          4, 	      18627
iid:    88,         10,          7, 	      31438
iid:    89,          4,          3, 	      30351
iid:    90,          2,          3, 	      25203
iid:    91,          2,          6, 	      24215
iid:    92,         24,          4, 	      23688
iid:    93,          4,          4, 	      15114
iid:    94,          6,          4, 	      19565
iid:    95,          6,          5, 	      20515
iid:    96,          2,          3, 	      19475
iid:    97,          2,          4, 	      19144
iid:    98,         19,          4, 	      21368
iid:    99,          4,          5, 	      20547
iid:   100,          4,          3, 	      19934
iid:   101,          2,          6, 	      19445
iid:   102,         17,          4, 	      23963
iid:   103,          6,          5, 	      23841
iid:   104,          7,          4, 	      15464
iid:   105,          6,          4, 	      22322
iid:   106,          6,          7, 	      22059
iid:   107,          6,          4, 	      21262
iid:   108,         19,          4, 	      20631
iid:   109,         12,          5, 	      27248
iid:   110,          2,          3, 	      25626
iid:   111,          2,          5, 	      25552
iid:   112,          5,          6, 	      20271
iid:   113,          2,          4, 	      16911
iid:   114,         23,          4, 	      31001
iid:   115,          4,          5, 	      24344
iid:   116,          4,          4, 	      23317
iid:   117,          4,          4, 	      23192
iid:   118,          4,          7, 	      18019
iid:   119,         17,          4, 	      16837
iid:   120,          9,          4, 	      18687
iid:   121,          5,          4, 	      21135
iid:   122,          5,          9, 	      22334
iid:   123,         22,          4, 	      25561
iid:   124,          7,          4, 	      19760
iid:   125,          7,          4, 	      22277
iid:   126,          2,          3, 	      21723
iid:   127,          2,          3, 	      20930
iid:   128,          2,          6, 	      20552
iid:   129,         11,          5, 	      18161
iid:   130,          7,          5, 	      20287
iid:   131,          4,          3, 	      17559
iid:   132,          2,          6, 	      16981
iid:   133,         29,          5, 	      23422
iid:   134,          7,          4, 	      28182
iid:   135,          6,          5, 	      22839
iid:   136,          2,          3, 	      21661
iid:   137,          2,          3, 	      20783
iid:   138,          2,          4, 	      20473
iid:   139,         22,          4, 	      22520
iid:   140,          4,          4, 	      21374
iid:   141,          2,          4, 	      20660
iid:   142,          4,          4, 	      20409
iid:   143,          6,          7, 	      17118
iid:   144,         24,          4, 	      17960
iid:   145,          9,          7, 	      21987
iid:   146,          5,          4, 	      21305
iid:   147,          2,          4, 	      20535
iid:   148,          4,          4, 	      21638
iid:   149,         16,          4, 	      18199
iid:   150,          8,          5, 	      19934
iid:   151,          4,          3, 	      21624
iid:   152,          2,          3, 	      21120
iid:   153,          2,          6, 	      20601
iid:   154,          4,          5, 	      15564
iid:   155,         29,          4, 	      17692
iid:   156,          7,          5, 	      21399
iid:   157,          4,          3, 	      20271
iid:   158,          2,          7, 	      19938
iid:   159,          4,          4, 	      15426
iid:   160,         19,          4, 	      17392
iid:   161,          9,          4, 	      18282
iid:   162,          2,          4, 	      17991
iid:   163,         11,          3, 	      25833
iid:   164,          2,          6, 	      23792
iid:   165,          4,          5, 	      22417
iid:   166,          9,          4, 	      15236
iid:   167,         18,          5, 	      22766
iid:   168,          5,          3, 	      22272
iid:   169,          2,          5, 	      21891
iid:   170,          7,          4, 	      15454
iid:   171,         20,          6, 	      28922
iid:   172,          4,          5, 	      27570
iid:   173,          4,          4, 	      18316
iid:   174,          5,          7, 	      21346
iid:   175,         24,          3, 	      30331
iid:   176,          2,          5, 	      29894
iid:   177,          4,          7, 	      17110
iid:   178,         13,          3, 	      24171
iid:   179,          2,          4, 	      23880
iid:   180,          5,          5, 	      23849
iid:   181,         22,          4, 	      22204
iid:   182,          4,          5, 	      21927
iid:   183,          2,          3, 	      20428
iid:   184,          2,          4, 	      20378
iid:   185,         12,          6, 	      15994
iid:   186,         14,          4, 	      25216
iid:   187,          4,          4, 	      25077
iid:   188,          6,          6, 	      16962
iid:   189,          5,          3, 	      16099
iid:   190,          2,          5, 	      15603
iid:   191,         22,          4, 	      16772
iid:   192,          9,          4, 	      22222
iid:   193,          4,          5, 	      21802
iid:   194,          2,          4, 	      20300
iid:   195,          2,          5, 	      19850
iid:   196,         22,          5, 	      18523
iid:   197,          9,          4, 	      18713
iid:   198,          4,          3, 	      19723
iid:   199,          2,          3, 	      18880
iid:   200,          2,          6, 	      18386
iid:   201,         14,          4, 	      24370
iid:   202,          7,          6, 	      14972
iid:   203,         11,          4, 	      19028
iid:   204,          4,          5, 	      20048
iid:   205,          4,          5, 	      21212
iid:   206,         23,          4, 	      20578
iid:   207,          9,          3, 	      24160
iid:   208,          2,          5, 	      23944
iid:   209,          2,          3, 	      23433
iid:   210,          2,          5, 	      23255
iid:   211,          7,          3, 	      18912
iid:   212,          2,          6, 	      18324
iid:   213,         17,          4, 	      24162
iid:   214,          4,          4, 	      23226
iid:   215,          5,          7, 	      20550
iid:   216,         12,          4, 	      16792
iid:   217,         22,          4, 	      24547
iid:   218,         11,          6, 	      26700
iid:   219,          2,          3, 	      21104
iid:   220,          2,          4, 	      20734
iid:   221,          5,          4, 	      20818
iid:   222,         12,          4, 	      27818
iid:   223,          4,          5, 	      21427
iid:   224,          4,          3, 	      20354
iid:   225,          2,          3, 	      19935
iid:   226,          2,          7, 	      15559
iid:   227,         26,          4, 	      23677
iid:   228,          4,          4, 	      18703
iid:   229,          6,          7, 	      21746
iid:   230,          7,          3, 	      23052
iid:   231,          2,          4, 	      22873
iid:   232,         22,          4, 	      17589
iid:   233,          5,          4, 	      18083
iid:   234,         11,          4, 	      22798
iid:   235,          2,          3, 	      21880
iid:   236,          2,          5, 	      21436
iid:   237,          4,          7, 	      17470
iid:   238,         14,          4, 	      21535
iid:   239,          7,          5, 	      22768
iid:   240,          4,          3, 	      20695
iid:   241,          2,          7, 	      20284
iid:   242,         25,          4, 	      16633
iid:   243,          6,          4, 	      19491
iid:   244,          5,          3, 	      21117
iid:   245,          2,          4, 	      20657
iid:   246,          2,          3, 	      19563
iid:   247,          2,          6, 	      19156
iid:   248,         14,          4, 	      17650
iid:   249,         14,          4, 	      21234
iid:   250,          4,          3, 	      20149
iid:   251,          2,          6, 	      19944
iid:   252,          9,          5, 	      17204
iid:   253,         17,          5, 	      24812
iid:   254,          5,          4, 	      18785
iid:   255,          4,          3, 	      20441
iid:   256,          2,          4, 	      20042
iid:   257,          6,          7, 	      20490
iid:   258,         26,          4, 	      19339
iid:   259,          6,          4, 	      19673
iid:   260,          8,          4, 	      24738
iid:   261,          2,          3, 	      23664
iid:   262,          2,          6, 	      23189
iid:   263,          4,          5, 	      19196
iid:   264,         16,          4, 	      19871
iid:   265,          8,          4, 	      19835
iid:   266,          3,          3, 	      19119
iid:   267,          3,          8, 	      18732
iid:   268,         19,          4, 	      23384
iid:   269,          4,          4, 	      23145
iid:   270,          4,          4, 	      15196
iid:   271,          5,          4, 	      18576
iid:   272,         10,          4, 	      24374
iid:   273,          2,          5, 	      23644
iid:   274,         21,          5, 	      23445
iid:   275,          4,          7, 	      22375
iid:   276,          4,          3, 	      21177
iid:   277,          2,          5, 	      20801
iid:   278,         21,          4, 	      14518
iid:   279,          9,          4, 	      20522
iid:   280,          4,          3, 	      22739
iid:   281,          2,          3, 	      22331
iid:   282,          2,          3, 	      21923
iid:   283,          2,          3, 	      21371
iid:   284,          2,          4, 	      21059
iid:   285,         19,          5, 	      32911
iid:   286,          4,          3, 	      32944
iid:   287,          2,          4, 	      32365
iid:   288,          2,          6, 	      18889
iid:   289,         17,          4, 	      22658
iid:   290,         12,          4, 	      19944
iid:   291,         12,          4, 	      24247
iid:   292,          2,         10, 	      23833
iid:   293,          8,          4, 	      25704
iid:   294,          6,          4, 	      25840
iid:   295,          4,          4, 	      18628
iid:   296,          5,          5, 	      19205
iid:   297,         26,          5, 	      31579
iid:   298,          4,          5, 	      29985
iid:   299,          4,          9, 	      29782
iid:   300,          6,          8, 	      24400
iid:   301,         18,          6, 	      29709
iid:   302,          2,          5, 	      28835
iid:   303,          4,          4, 	      21522
iid:   304,          4,          7, 	      20608
iid:   305,         22,          4, 	      30170
iid:   306,         11,          4, 	      32974
iid:   307,          2,          4, 	      25104
iid:   308,          2,          9, 	      24526
iid:   309,         12,          5, 	      26677
iid:   310,          5,          4, 	      19708
iid:   311,          7,          5, 	      21565
iid:   312,          6,          4, 	      21571
iid:   313,          2,          4, 	      19438
iid:   314,          4,          6, 	      19402
iid:   315,         20,          5, 	      25166
iid:   316,          6,          6, 	      18850
iid:   317,          9,          4, 	      23033
iid:   318,          2,          9, 	      22767
iid:   319,          9,          4, 	      17031
iid:   320,         16,          4, 	      25502
iid:   321,          5,          3, 	      21843
iid:   322,          2,          3, 	      21406
iid:   323,          2,          6, 	      21023
iid:   324,         21,          7, 	      25769
iid:   325,          5,          5, 	      21775
iid:   326,         10,          7, 	      27642
iid:   327,          5,          4, 	      23339
iid:   328,          2,          3, 	      22766
iid:   329,          2,          6, 	      20342
iid:   330,         18,          5, 	      25306
iid:   331,          5,          4, 	      20426
iid:   332,          4,          5, 	      20262
iid:   333,          2,          4, 	      19390
iid:   334,         18,          9, 	      24655
iid:   335,          6,          5, 	      23262
iid:   336,         10,          4, 	      16449
iid:   337,         12,         11, 	      22748
iid:   338,          4,          3, 	      21608
iid:   339,          2,          4, 	      21220
iid:   340,         19,          9, 	      21565
iid:   341,          4,          4, 	      19562
iid:   342,          5,          4, 	      19232
iid:   343,         11,          9, 	      27032
iid:   344,         11,          4, 	      19285
iid:   345,         10,          4, 	      23027
iid:   346,          2,          5, 	      21264
iid:   347,          4,          7, 	      18302
iid:   348,         15,          5, 	      22159
iid:   349,          6,          6, 	      19386
iid:   350,         13,          6, 	      20182
iid:   351,         11,          5, 	      23109
iid:   352,          4,          6, 	      22806
iid:   353,          2,          4, 	      19852
iid:   354,         19,          7, 	      29018
iid:   355,          4,          5, 	      21587
iid:   356,          4,          4, 	      21283
iid:   357,          2,          5, 	      20671
iid:   358,          9,          4, 	      15594
iid:   359,         17,         12, 	      25151
iid:   360,         10,          5, 	      17101
iid:   361,         10,          4, 	      21208
iid:   362,          7,          3, 	      21646
iid:   363,          2,          4, 	      21370
iid:   364,         11,          4, 	      19691
iid:   365,          4,          5, 	      19698
iid:   366,         16,          7, 	      24280
iid:   367,          4,          4, 	      21056
iid:   368,          2,          4, 	      20817
iid:   369,         14,          9, 	      29937
iid:   370,          4,          7, 	      25557
iid:   371,          9,          4, 	      16836
iid:   372,         12,          4, 	      25218
iid:   373,          4,          6, 	      21262
iid:   374,          8,          3, 	      22197
iid:   375,          2,          4, 	      21639
iid:   376,         14,          4, 	      15657
iid:   377,         18,         11, 	      26911
iid:   378,          4,          8, 	      25290
iid:   379,          8,          5, 	      16948
iid:   380,          8,          5, 	      20406
iid:   381,          7,          4, 	      19865
iid:   382,          4,          3, 	      19636
iid:   383,          2,          4, 	      18066
iid:   384,         25,          9, 	      22613
iid:   385,          4,          4, 	      21368
iid:   386,          2,          6, 	      20984
iid:   387,         16,          8, 	      22207
iid:   388,          9,          4, 	      26967
iid:   389,          6,          3, 	      27613
iid:   390,          2,          4, 	      21095
iid:   391,          4,          5, 	      21506
iid:   392,          2,          4, 	      20355
iid:   393,         23,          5, 	      29625
iid:   394,          4,          6, 	      21519
iid:   395,          2,          5, 	      20423
iid:   396,          5,          4, 	      20190
iid:   397,          4,          7, 	      18810
iid:   398,         15,          4, 	      23570
iid:   399,          4,          4, 	      18651
iid:   400,         20,          9, 	      24161
iid:   401,          4,          6, 	      23271
iid:   402,          2,          6, 	      22629
iid:   403,         15,          5, 	      21277
iid:   404,          5,          3, 	      20831
iid:   405,          2,          3, 	      20782
iid:   406,          2,          6, 	      20587
iid:   407,          4,          6, 	      16048
iid:   408,         23,          4, 	      24003
iid:   409,          5,          4, 	      18979
iid:   410,          9,          5, 	      24113
iid:   411,          4,          3, 	      24602
iid:   412,          2,          8, 	      24687
iid:   413,         15,          4, 	      17069
iid:   414,         10,          4, 	      19970
iid:   415,          9,          7, 	      22287
iid:   416,          2,          3, 	      21135
iid:   417,          2,          6, 	      20721
iid:   418,          8,          5, 	      17786
iid:   419,         18,          7, 	      25032
iid:   420,          7,          5, 	      18380
iid:   421,          6,          4, 	      20616
iid:   422,          7,          4, 	      25525
iid:   423,          2,          6, 	      22970
iid:   424,         21,          6, 	      26762
iid:   425,          8,          7, 	      21102
iid:   426,          5,          4, 	      22299
iid:   427,          2,          3, 	      21986
iid:   428,          2,          6, 	      21552
iid:   429,         22,          6, 	      17941
iid:   430,          5,          4, 	      20264
iid:   431,          8,          4, 	      23205
iid:   432,          2,          4, 	      22595
iid:   433,          2,          6, 	      22171
iid:   434,         11,          4, 	      16680
iid:   435,         11,          4, 	      18964
iid:   436,          9,          4, 	      20110
iid:   437,          2,          5, 	      19608
iid:   438,          8,          5, 	      21896
iid:   439,         15,          8, 	      26450
iid:   440,          4,          8, 	      24311
iid:   441,          9,          5, 	      19221
iid:   442,          7,          4, 	      20938
iid:   443,          5,          3, 	      19092
iid:   444,          2,          5, 	      18766
iid:   445,         22,          5, 	      21923
iid:   446,         10,          8, 	      24454
iid:   447,          2,          4, 	      22818
iid:   448,          2,          8, 	      22735
iid:   449,          7,          4, 	      18905
iid:   450,         17,          6, 	      35565
iid:   451,          7,          3, 	      31243
iid:   452,          2,          4, 	      30824
iid:   453,          6,          5, 	      34852
iid:   454,          4,          4, 	      35425
iid:   455,          2,          4, 	      30192
iid:   456,          7,          4, 	      31108
iid:   457,          4,          4, 	      29157
iid:   458,          5,          4, 	      36709
iid:   459,          5,          7, 	      36734
iid:   460,          7,          5, 	      27111
iid:   461,          9,          4, 	      28539
iid:   462,          7,          4, 	      32489
iid:   463,          5,          5, 	      37248
iid:   464,          2,          4, 	      33072
iid:   465,          4,          6, 	      32491
iid:   466,          8,          4, 	      27309
iid:   467,          8,          4, 	      34085
iid:   468,          5,          3, 	      36073
iid:   469,          2,          6, 	      35638
iid:   470,          6,          7, 	      30113
iid:   471,          6,          5, 	      26779
iid:   472,          9,          4, 	      31522
iid:   473,          5,          3, 	      28885
iid:   474,          2,          4, 	      27946
iid:   475,          5,          5, 	      33079
iid:   476,          4,          6, 	      27953
iid:   477,          9,          4, 	      29372
iid:   478,          6,          4, 	      28271
iid:   479,          2,          5, 	      27501
iid:   480,          5,          4, 	      30716
iid:   481,          5,          6, 	      28146
iid:   482,          9,          6, 	      26621
iid:   483,          7,          4, 	      29494
iid:   484,          5,          5, 	      31737
iid:   485,          4,          5, 	      28639
iid:   486,          8,          3, 	      29087
iid:   487,          2,          4, 	      28518
iid:   488,          7,          6, 	      29526
iid:   489,          5,          4, 	      30479
iid:   490,          8,          4, 	      30854
iid:   491,          4,          6, 	      30752
iid:   492,          7,          5, 	      30104
iid:   493,          4,          5, 	      27456
iid:   494,          9,          5, 	      29367
iid:   495,          4,          5, 	      26846
iid:   496,          8,          4, 	      28931
iid:   497,          4,          6, 	      28392
iid:   498,          7,          6, 	      28375
iid:   499,          5,          4, 	      31098
iid:   500,          8,          6, 	      28712
iid:   501,          5,          6, 	      30451
iid:   502,          7,          3, 	      28361
iid:   503,          2,          4, 	      28033
iid:   504,          7,          6, 	      28593
iid:   505,          5,          4, 	      28866
iid:   506,          5,          4, 	      26056
iid:   507,          7,          6, 	      30788
iid:   508,          7,          5, 	      28925
iid:   509,          4,          5, 	      27008
iid:   510,          6,          5, 	      28377
iid:   511,          4,          5, 	      26220
iid:   512,          8,          5, 	      25693
iid:   513,          7,          3, 	      27770
iid:   514,          2,          5, 	      27284
iid:   515,          9,          5, 	      29634
iid:   516,          4,          4, 	      30408
iid:   517,          2,          7, 	      26638
iid:   518,         11,          4, 	      26869
iid:   519,          5,          4, 	      29330
iid:   520,          5,          3, 	      31942
iid:   521,          2,          5, 	      31541
iid:   522,          6,          5, 	      28484
iid:   523,          4,          4, 	      27280
iid:   524,          4,          6, 	      27202
iid:   525,         10,          4, 	      25843
iid:   526,          7,          5, 	      29478
iid:   527,          4,          6, 	      31771
iid:   528,          8,          5, 	      28964
iid:   529,          4,          7, 	      29003
iid:   530,          9,          4, 	      27711
iid:   531,          8,          4, 	      32605
iid:   532,          4,          3, 	      31151
iid:   533,          3,          3, 	      30963
iid:   534,          2,          6, 	      30007
iid:   535,          7,          5, 	      30566
iid:   536,          4,          5, 	      27623
iid:   537,          7,          5, 	      30956
iid:   538,          4,          4, 	      28225
iid:   539,          6,          5, 	      29457
iid:   540,          5,          6, 	      25624
iid:   541,          9,          4, 	      26867
iid:   542,          8,          6, 	      29031
iid:   543,          4,          3, 	      31401
iid:   544,          2,          4, 	      31179
iid:   545,          9,          6, 	      31493
iid:   546,          4,          5, 	      32131
iid:   547,          7,          3, 	      32426
iid:   548,          2,          5, 	      32049
iid:   549,          4,          4, 	      26944
iid:   550,          8,          5, 	      33953
iid:   551,          4,          7, 	      27970
iid:   552,          8,          4, 	      29745
iid:   553,          5,          3, 	      28065
iid:   554,          2,          6, 	      27473
iid:   555,          8,          5, 	      26759
iid:   556,          4,          5, 	      27024
iid:   557,          9,          6, 	      26436
iid:   558,          7,          4, 	      29605
iid:   559,          5,          4, 	      32232
iid:   560,          4,          4, 	      29435
iid:   561,          7,          6, 	      29760
iid:   562,          7,          4, 	      30110
iid:   563,          6,          5, 	      30015
iid:   564,          4,          5, 	      30147
iid:   565,          6,          5, 	      32072
iid:   566,          5,          4, 	      29160
iid:   567,          7,          6, 	      28499
iid:   568,          7,          5, 	      29731
iid:   569,          4,          5, 	      26920
iid:   570,          7,          5, 	      29801
iid:   571,          4,          5, 	      29643
iid:   572,          7,          5, 	      27492
iid:   573,          8,          5, 	      30518
iid:   574,          4,          6, 	      31104
iid:   575,          7,          4, 	      29588
iid:   576,          5,          6, 	      27702
iid:   577,          6,          6, 	      32846
iid:   578,          9,          5, 	      27823
iid:   579,          9,          3, 	      31491
iid:   580,          2,          4, 	      31157
iid:   581,          3,          5, 	      30655
iid:   582,          8,          7, 	      32550
iid:   583,          4,          4, 	      26407
iid:   584,          7,          4, 	      31475
iid:   585,          4,          5, 	      30058
iid:   586,          5,          5, 	      30220
iid:   587,          5,          4, 	      32636
iid:   588,          4,          5, 	      30052
iid:   589,          9,          4, 	      26393
iid:   590,          5,          6, 	      29440
iid:   591,          8,          5, 	      31571
iid:   592,          4,          5, 	      28754
iid:   593,          8,          3, 	      29895
iid:   594,          2,          5, 	      29423
iid:   595,          8,          6, 	      28763
iid:   596,          4,          4, 	      29448
iid:   597,          5,          3, 	      27805
iid:   598,          2,          6, 	      27021
iid:   599,         10,          5, 	      28483
iid:   600,          4,          5, 	      29081
iid:   601,          7,          4, 	      29642
iid:   602,          4,          5, 	      27346
iid:   603,          7,          4, 	      27887
iid:   604,          4,          7, 	      27570
iid:   605,          8,          4, 	      26282
iid:   606,          9,          4, 	      31640
iid:   607,          9,          3, 	      36088
iid:   608,          2,          6, 	      35573
iid:   609,          2,          6, 	      30666
iid:   610,          7,          4, 	      35215
iid:   611,          4,          4, 	      31280
iid:   612,          4,          6, 	      30759
iid:   613,          6,          4, 	      25799
iid:   614,          6,          5, 	      36227
iid:   615,          4,          5, 	      30557
iid:   616,          4,          5, 	      27377
iid:   617,         11,          7, 	      27642
iid:   618,          4,          3, 	      30143
iid:   619,          2,          5, 	      29746
iid:   620,         10,          3, 	      27611
iid:   621,          3,          6, 	      27271
iid:   622,          9,          4, 	      33918
iid:   623,          5,          4, 	      37057
iid:   624,          2,          4, 	      32325
iid:   625,          4,          3, 	      29672
iid:   626,          2,          6, 	      28530
iid:   627,          7,          4, 	      33299
iid:   628,          4,          4, 	      27388
iid:   629,          5,          5, 	      27779
iid:   630,          8,          4, 	      27847
iid:   631,          5,          7, 	      27418
iid:   632,          4,          4, 	      29035
iid:   633,         13,          3, 	      29621
iid:   634,          2,          6, 	      29178
iid:   635,          8,          3, 	      32826
iid:   636,          2,          5, 	      32368
iid:   637,          6,          4, 	      30634
iid:   638,          4,          5, 	      29958
iid:   639,          4,          5, 	      30564
iid:   640,          6,          5, 	      26183
iid:   641,          5,          4, 	      31385
iid:   642,          5,          6, 	      27750
iid:   643,          5,          4, 	      27325
iid:   644,         14,          6, 	     147805
iid:   645,          4,          4, 	     145364
iid:   646,          5,          9, 	     148096
iid:   647,         11,          4, 	      29430
iid:   648,          5,          3, 	      31257
iid:   649,          2,          4, 	      30874
iid:   650,          6,          3, 	      35393
iid:   651,          2,          3, 	      35073
iid:   652,          2,          3, 	      34575
iid:   653,          2,          7, 	      34063
iid:   654,          9,          5, 	      28972
iid:   655,          4,          5, 	      26875
iid:   656,          5,          6, 	      28096
iid:   657,          8,          4, 	      29932
iid:   658,          5,          4, 	      28585
iid:   659,          2,          4, 	      27727
iid:   660,          9,          4, 	      25775
iid:   661,          6,          5, 	      30498
iid:   662,          7,          3, 	      33785
iid:   663,          2,          6, 	      33377
iid:   664,          4,          4, 	      27580
iid:   665,          6,          4, 	      31660
iid:   666,          4,          6, 	      30671
iid:   667,          9,          4, 	      29691
iid:   668,          4,          4, 	      27842
iid:   669,          6,          5, 	      29545
iid:   670,          5,          7, 	      28742
iid:   671,          9,          4, 	      28197
iid:   672,          9,          3, 	      30672
iid:   673,          2,          4, 	      30431
iid:   674,          5,          7, 	      35360
iid:   675,          4,          4, 	      28707
iid:   676,          7,          6, 	      34018
iid:   677,          4,          4, 	      30304
iid:   678,          7,          5, 	      33180
iid:   679,          4,          4, 	      32575
iid:   680,          4,          6, 	      29981
iid:   681,         14,          4, 	      31234
iid:   682,          4,          5, 	      28636
iid:   683,          2,          5, 	      27832
iid:   684,         10,          6, 	      32959
iid:   685,          4,          4, 	      31885
iid:   686,          4,          6, 	      26266
iid:   687,          4,          5, 	      26921
iid:   688,          8,          4, 	      30868
iid:   689,          4,          3, 	      30491
iid:   690,          2,          6, 	      29353
iid:   691,         16,          7, 	      36747
iid:   692,          6,          5, 	      40106
iid:   693,          6,          3, 	      41448
iid:   694,          2,          3, 	      32006
iid:   695,          2,          4, 	      31661
iid:   696,          2,          3, 	      31002
iid:   697,          2,          5, 	      30630
iid:   698,          4,          4, 	      29220
iid:   699,          5,          4, 	      33304
iid:   700,          4,          5, 	      32883
iid:   701,          8,          7, 	      26157
iid:   702,          5,          4, 	      25859
iid:   703,         16,          4, 	      31964
iid:   704,          5,          3, 	      34325
iid:   705,          2,          6, 	      33946
iid:   706,          2,          3, 	      32482
iid:   707,          2,          3, 	      32418
iid:   708,          2,          4, 	      32341
iid:   709,          6,          4, 	      37677
iid:   710,          4,          5, 	      37020
iid:   711,          4,          5, 	      31713
iid:   712,          7,          6, 	      35068
iid:   713,          4,          4, 	      26592
iid:   714,         15,          3, 	      32076
iid:   715,          2,          4, 	      31651
iid:   716,          7,          6, 	      35674
iid:   717,          2,          3, 	      34448
iid:   718,          2,          4, 	      34105
iid:   719,          4,          3, 	      32529
iid:   720,          2,          5, 	      32027
iid:   721,          4,          3, 	      30644
iid:   722,          2,          5, 	      27868
iid:   723,          8,          6, 	      35074
iid:   724,          4,          4, 	      26431
iid:   725,         11,          4, 	      32483
iid:   726,          6,          3, 	      34735
iid:   727,          2,          5, 	      34461
iid:   728,          2,          4, 	      34075
iid:   729,          9,          4, 	      30166
iid:   730,          4,          3, 	      29876
iid:   731,          2,          6, 	      29430
iid:   732,          4,          4, 	      30630
iid:   733,          7,          5, 	      34452
iid:   734,          4,          6, 	      29417
iid:   735,          6,          4, 	      27463
iid:   736,          9,          6, 	      27060
iid:   737,          4,          3, 	      28821
iid:   738,          2,          5, 	      28640
iid:   739,         13,          4, 	      29328
iid:   740,          5,          5, 	      31985
iid:   741,          2,          3, 	      30896
iid:   742,          2,          4, 	      30497
iid:   743,          6,          4, 	      31843
iid:   744,          4,          5, 	      31169
iid:   745,          4,          6, 	      27800
iid:   746,          9,          4, 	      29760
iid:   747,          5,          4, 	      29433
iid:   748,          4,          6, 	      31693
iid:   749,          8,          4, 	      27337
iid:   750,          7,          6, 	      28143
iid:   751,          7,          4, 	      29636
iid:   752,          5,          5, 	      31422
iid:   753,          5,          4, 	      29393
iid:   754,          6,          3, 	      29058
iid:   755,          2,          6, 	      28128
iid:   756,          8,          5, 	      31195
iid:   757,          4,          5, 	      28577
iid:   758,          7,          4, 	      30641
iid:   759,          6,          7, 	      28144
iid:   760,          7,          5, 	      28060
iid:   761,          4,          6, 	      26931
iid:   762,          6,          4, 	      28014
iid:   763,         10,          6, 	      29577
iid:   764,          5,          3, 	      31241
iid:   765,          2,          4, 	      30859
iid:   766,          8,          6, 	      30514
iid:   767,          5,          4, 	      29583
iid:   768,          6,          5, 	      28653
iid:   769,          5,          5, 	      29315
iid:   770,          5,          4, 	      28880
iid:   771,          5,          5, 	      30674
iid:   772,          4,          6, 	      27836
iid:   773,         11,          5, 	      30445
iid:   774,          7,          4, 	      28946
iid:   775,          4,          5, 	      30759
iid:   776,          6,          6, 	      32362
iid:   777,          4,          5, 	      27091
iid:   778,          9,          5, 	      30870
iid:   779,          7,          4, 	      35350
iid:   780,          6,          4, 	      35346
iid:   781,          2,          4, 	      32672
iid:   782,          4,          6, 	      29243
iid:   783,          7,          5, 	      31995
iid:   784,          8,          6, 	      29423
iid:   785,          4,          4, 	      30577
iid:   786,          7,          5, 	      28699
iid:   787,          5,          8, 	      32601
iid:   788,          4,          4, 	      26860
iid:   789,         14,          4, 	      28840
iid:   790,          4,          3, 	      30998
iid:   791,          2,          6, 	      30639
iid:   792,          7,          5, 	      33451
iid:   793,          4,          3, 	      28925
iid:   794,          2,          6, 	      28472
iid:   795,          7,          4, 	      29509
iid:   796,          4,          4, 	      28922
iid:   797,          5,          5, 	      27776
iid:   798,          5,          6, 	      27021
iid:   799,          9,          4, 	      29781
iid:   800,          9,          5, 	      28406
iid:   801,          2,          4, 	      27288
iid:   802,          8,          4, 	      28087
iid:   803,          4,          5, 	      29532
iid:   804,          2,          5, 	      28725
iid:   805,          7,          4, 	      30741
iid:   806,          2,          4, 	      29584
iid:   807,          5,          4, 	      25661
iid:   808,          7,          6, 	      33234
iid:   809,          6,          4, 	      30371
iid:   810,          5,          4, 	      29192
iid:   811,          4,          6, 	      29592
iid:   812,          9,          5, 	      27022
iid:   813,          5,          3, 	      28986
iid:   814,          2,          6, 	      28563
iid:   815,          9,          4, 	      26681
iid:   816,          7,          5, 	      29195
iid:   817,          4,          5, 	      31497
iid:   818,          5,          5, 	      27954
iid:   819,          6,          5, 	      27449
iid:   820,          5,          4, 	      27128
iid:   821,          5,          6, 	      27259
iid:   822,          9,          4, 	      29406
iid:   823,          8,          3, 	      29687
iid:   824,          2,          6, 	      29212
iid:   825,          5,          5, 	      29111
iid:   826,          4,          6, 	      27467
iid:   827,          9,          4, 	      29739
iid:   828,          5,          3, 	      28392
iid:   829,          2,          6, 	      27871
iid:   830,          6,          4, 	      28063
iid:   831,          4,          6, 	      27274
iid:   832,          9,          5, 	      29406
iid:   833,          7,          3, 	      36577
iid:   834,          2,          5, 	      36241
iid:   835,          4,          4, 	      30450
iid:   836,          4,          5, 	      30586
iid:   837,          9,          7, 	      38623
iid:   838,         13,          3, 	      31584
iid:   839,          2,          4, 	      31240
iid:   840,          9,          6, 	      35241
iid:   841,          2,          4, 	      34181
iid:   842,          2,          4, 	      33547
iid:   843,          4,          4, 	      30241
iid:   844,          4,          3, 	      31469
iid:   845,          3,          3, 	      31412
iid:   846,          2,          5, 	      31376
iid:   847,          6,          6, 	      34441
iid:   848,         11,          4, 	      30540
iid:   849,          4,          5, 	      32634
iid:   850,          9,          3, 	      35042
iid:   851,          2,          3, 	      34800
iid:   852,          2,          5, 	      34596
iid:   853,          5,          5, 	      30414
iid:   854,          5,          3, 	      31402
iid:   855,          2,          3, 	      31074
iid:   856,          2,          4, 	      30663
iid:   857,          7,          5, 	      35751
iid:   858,          4,          6, 	      27792
iid:   859,         10,          5, 	      27138
iid:   860,          4,          3, 	      29801
iid:   861,          2,          3, 	      29420
iid:   862,          2,          5, 	      28982
iid:   863,         13,          3, 	      29268
iid:   864,          2,          6, 	      28821
iid:   865,          5,          4, 	      33365
iid:   866,          5,          4, 	      35614
iid:   867,          2,          4, 	      32720
iid:   868,          4,          5, 	      28842
iid:   869,          9,          5, 	      29331
iid:   870,          6,          4, 	      26404
iid:   871,          4,          4, 	      29166
iid:   872,          8,          6, 	      32119
iid:   873,          4,          6, 	      26151
iid:   874,          7,          4, 	      29457
iid:   875,          4,          4, 	      30543
iid:   876,          8,          4, 	      28744
iid:   877,          4,          5, 	      29298
iid:   878,          5,          4, 	      30613
iid:   879,          7,          6, 	      30925
iid:   880,          6,          5, 	      31658
iid:   881,          5,          6, 	      29004
iid:   882,          9,          5, 	      29052
iid:   883,          4,          4, 	      31744
iid:   884,          5,          5, 	      29108
iid:   885,          6,          7, 	      27201
iid:   886,          9,          6, 	      27954
iid:   887,          7,          4, 	      28552
iid:   888,          8,          3, 	      32344
iid:   889,          2,          6, 	      31956
iid:   890,          6,          4, 	      30229
iid:   891,          6,          6, 	      29856
iid:   892,          4,          5, 	      30243
iid:   893,          6,          4, 	      27769
iid:   894,          5,          5, 	      29285
iid:   895,          5,          4, 	      32379
iid:   896,          4,          6, 	      28921
iid:   897,         11,          4, 	      26669
iid:   898,          7,          5, 	      30877
iid:   899,          4,          4, 	      30301
iid:   900,          2,          6, 	      29378
iid:   901,          9,          6, 	      29650
iid:   902,          6,          4, 	      27076
iid:   903,          5,          4, 	      29019
iid:   904,          5,          4, 	      31273
iid:   905,          6,          3, 	      32767
iid:   906,          2,          5, 	      31627
iid:   907,          4,          6, 	      26342
iid:   908,          9,          5, 	      26193
iid:   909,          7,          4, 	      30260
iid:   910,          4,          7, 	      31235
iid:   911,          6,          4, 	      28488
iid:   912,          7,          5, 	      31805
iid:   913,          9,          5, 	      31530
iid:   914,          5,          4, 	      32061
iid:   915,          6,          3, 	      32193
iid:   916,          2,          4, 	      31714
iid:   917,          5,          6, 	      29268
iid:   918,          4,          6, 	      25656
iid:   919,         11,          5, 	      30020
iid:   920,          4,          5, 	      28693
iid:   921,          5,          4, 	      29277
iid:   922,          4,          6, 	      28661
iid:   923,          8,          6, 	      27654
iid:   924,          5,          5, 	      29126
iid:   925,          9,          4, 	      25557
iid:   926,          8,          3, 	      30011
iid:   927,          2,          6, 	      29734
iid:   928,          4,          4, 	      30529
iid:   929,          8,          6, 	      31925
iid:   930,          4,          5, 	      30721
iid:   931,          7,          5, 	      30883
iid:   932,          4,          4, 	      28798
iid:   933,          5,          4, 	      29408
iid:   934,          6,          5, 	      30232
iid:   935,          7,          6, 	      29681
iid:   936,          6,          4, 	      26406
iid:   937,          8,          6, 	      29431
iid:   938,          4,          4, 	      29550
iid:   939,          7,          6, 	      29326
iid:   940,          5,          6, 	      30166
iid:   941,          9,          4, 	      29811
iid:   942,          5,          4, 	      29305
iid:   943,          7,          5, 	      32341
iid:   944,          4,          5, 	      31815
iid:   945,          4,          7, 	      28043
iid:   946,          9,          4, 	      27940
iid:   947,          4,          4, 	      28268
iid:   948,          7,          6, 	      29562
iid:   949,          4,          5, 	      28075
iid:   950,          9,          5, 	      27983
iid:   951,          5,          7, 	      28350
iid:   952,          8,          4, 	      28915
iid:   953,          6,          5, 	      26851
iid:   954,          4,          4, 	      28249
iid:   955,          8,          6, 	      30380
iid:   956,          5,          5, 	      29295
iid:   957,          6,          3, 	      27409
iid:   958,          2,          5, 	      26880
iid:   959,          8,          4, 	      30703
iid:   960,          5,          6, 	      29714
iid:   961,          6,          5, 	      31608
iid:   962,          4,          6, 	      28952
iid:   963,          8,          4, 	      27764
iid:   964,          9,          5, 	      32351
iid:   965,          4,          5, 	      31816
iid:   966,          7,          6, 	      28855
iid:   967,          4,          3, 	      27304
iid:   968,          2,          6, 	      26904
iid:   969,         11,          4, 	      31393
iid:   970,          4,          4, 	      31311
iid:   971,          5,          3, 	      34339
iid:   972,          2,          8, 	      32698
iid:   973,          8,          4, 	      28634
iid:   974,          6,          6, 	      31111
iid:   975,          7,          4, 	      34265
iid:   976,          7,          3, 	      27717
iid:   977,          2,          5, 	      27340
iid:   978,          5,          5, 	      31476
iid:   979,          4,          5, 	      28349
iid:   980,          8,          4, 	      30293
iid:   981,          4,          5, 	      25590
iid:   982,          7,          5, 	      30393
iid:   983,          5,          5, 	      26060
iid:   984,          6,          4, 	      28381
iid:   985,          5,          7, 	      28691
iid:   986,          9,          4, 	      26330
iid:   987,          8,          5, 	      32451
iid:   988,          4,          4, 	      30791
iid:   989,          2,          4, 	      29854
iid:   990,          9,          5, 	      30312
iid:   991,          4,          6, 	      30301
iid:   992,          6,          4, 	      29404
iid:   993,          6,          5, 	      30130
iid:   994,          4,          4, 	      29589
iid:   995,          5,          5, 	      28110
iid:   996,          5,          6, 	      27498
iid:   997,          9,          4, 	      26735
iid:   998,          6,          5, 	      26095
iid:   999,          4,          7, 	      28133
iid:  1000,          8,          4, 	      25801
iid:  1001,          7,          6, 	      30484
iid:  1002,          7,          5, 	      30083
iid:  1003,          6,          5, 	      28366
iid:  1004,          7,          4, 	      32221
iid:  1005,          6,          4, 	      32693
iid:  1006,          2,          5, 	      31534
iid:  1007,          7,          5, 	      32865
iid:  1008,          4,          4, 	      30091
iid:  1009,          4,          5, 	      27661
iid:  1010,          8,          7, 	      29997
iid:  1011,          5,          4, 	      25977
iid:  1012,          5,          4, 	      27468
iid:  1013,          4,          6, 	      28637
iid:  1014,         13,          4, 	      32051
iid:  1015,          6,          6, 	      31203
iid:  1016,          2,          4, 	      29793
iid:  1017,          8,          5, 	      28834
iid:  1018,          4,          4, 	      31834
iid:  1019,          5,          5, 	      34030
iid:  1020,          4,          5, 	      30649
iid:  1021,          7,          5, 	      32847
iid:  1022,          5,          4, 	      29779
iid:  1023,          4,          6, 	      29282
iid:  1024,          8,          4, 	      28796
iid:  1025,          9,          4, 	      28980
iid:  1026,          5,          6, 	      31104
iid:  1027,          5,          7, 	      28363
iid:  1028,          4,          5, 	      27612
iid:  1029,          8,          4, 	      27200
iid:  1030,          7,          6, 	      29266
iid:  1031,          5,          5, 	      30264
iid:  1032,          9,          4, 	      28789
iid:  1033,          4,          5, 	      29601
iid:  1034,          5,          5, 	      28610
iid:  1035,          7,          6, 	      31025
iid:  1036,          4,          5, 	      28052
iid:  1037,          7,          4, 	      28857
iid:  1038,          6,          4, 	      29471
iid:  1039,          5,          6, 	      29042
iid:  1040,          7,          5, 	      28834
iid:  1041,          4,          6, 	      27411
iid:  1042,          8,          5, 	      29438
iid:  1043,          4,          5, 	      25924
iid:  1044,          9,          5, 	      29832
iid:  1045,          5,          3, 	      28174
iid:  1046,          2,          6, 	      27708
iid:  1047,          9,          4, 	      30292
iid:  1048,          7,          5, 	      30290
iid:  1049,          4,          5, 	      32555
iid:  1050,          5,          5, 	      27076
iid:  1051,          9,          5, 	      30401
iid:  1052,          5,          5, 	      28567
iid:  1053,          6,          6, 	      29622
iid:  1054,          4,          4, 	      28095
iid:  1055,          9,          4, 	      27768
iid:  1056,          4,          6, 	      27702
iid:  1057,          6,          5, 	      28564
iid:  1058,          5,          6, 	      26963
iid:  1059,          8,          4, 	      26945
iid:  1060,          5,          5, 	      30072
iid:  1061,          4,          6, 	      27315
iid:  1062,          9,          4, 	      30008
iid:  1063,          7,          4, 	      30238
iid:  1064,          2,          5, 	      29466
iid:  1065,          6,          5, 	      29072
iid:  1066,          5,          6, 	      28424
iid:  1067,          7,          4, 	      26922
iid:  1068,          7,          5, 	      29701
iid:  1069,          4,          5, 	      27261
iid:  1070,          6,          4, 	      26852
iid:  1071,          4,          6, 	      27074
iid:  1072,          7,          6, 	      27617
iid:  1073,         10,          4, 	      28674
iid:  1074,          5,          4, 	      28364
iid:  1075,          8,          4, 	      30832
iid:  1076,          2,          6, 	      30062
iid:  1077,          5,          4, 	      31091
iid:  1078,          6,          3, 	      28963
iid:  1079,          2,          6, 	      28286
iid:  1080,          7,          5, 	      28753
iid:  1081,          4,          4, 	      27815
iid:  1082,          5,          6, 	      26311
iid:  1083,          9,          6, 	      27875
iid:  1084,          4,          5, 	      26611
iid:  1085,          7,          4, 	      27322
iid:  1086,          8,          5, 	      30731
iid:  1087,          4,          6, 	      29091
iid:  1088,          6,          4, 	      28763
iid:  1089,          8,          5, 	      31015
iid:  1090,          4,          5, 	      27497
iid:  1091,          6,          4, 	      28440
iid:  1092,          5,          6, 	      29526
iid:  1093,          7,          4, 	      27206
iid:  1094,          6,          5, 	      30240
iid:  1095,          6,          5, 	      28111
iid:  1096,          7,          5, 	      28057
iid:  1097,          7,          5, 	      30337
iid:  1098,          4,          5, 	      28769
iid:  1099,          7,          4, 	      30771
iid:  1100,          4,          7, 	      28558
iid:  1101,          7,          4, 	      27526
iid:  1102,          6,          5, 	      29253
iid:  1103,          4,          6, 	      28913
iid:  1104,          8,          4, 	      26828
iid:  1105,          8,          5, 	      29962
iid:  1106,          4,          7, 	      29471
iid:  1107,          8,          4, 	      28738
iid:  1108,          7,          5, 	      29629
iid:  1109,          4,          4, 	      27833
iid:  1110,          7,          7, 	      30126
iid:  1111,          6,          4, 	      28325
iid:  1112,          7,          5, 	      29761
iid:  1113,          4,          5, 	      29223
iid:  1114,          7,          5, 	      29936
iid:  1115,          4,          5, 	      26546
iid:  1116,          7,          5, 	      30686
iid:  1117,          9,          6, 	      32501
iid:  1118,          4,          5, 	      28606
iid:  1119,          5,          4, 	      26943
iid:  1120,          8,          6, 	      32044
iid:  1121,          5,          6, 	      31514
iid:  1122,          5,          4, 	      27587
iid:  1123,          6,          4, 	      29750
iid:  1124,          5,          5, 	      27179
iid:  1125,          7,          5, 	      28061
iid:  1126,          6,          5, 	      29258
iid:  1127,          4,          6, 	      27191
iid:  1128,          9,          4, 	      26631
iid:  1129,          5,          5, 	      28671
iid:  1130,          8,          6, 	      30860
iid:  1131,          4,          5, 	      25831
iid:  1132,          6,          5, 	      28661
iid:  1133,          7,          5, 	      29558
iid:  1134,          4,          5, 	      26098
iid:  1135,          7,          4, 	      30453
iid:  1136,          5,          5, 	      30875
iid:  1137,          7,          5, 	      27355
iid:  1138,          5,          5, 	      28228
iid:  1139,          6,          6, 	      27474
iid:  1140,          8,          4, 	      27029
iid:  1141,          7,          7, 	      29493
iid:  1142,          5,          4, 	      26410
iid:  1143,          6,          4, 	      28911
iid:  1144,          6,          7, 	      29372
iid:  1145,          8,          4, 	      30315
iid:  1146,          5,          3, 	      30390
iid:  1147,          2,          6, 	      29925
iid:  1148,          7,          5, 	      26080
iid:  1149,          8,          5, 	      30654
iid:  1150,          4,          5, 	      27966
iid:  1151,          6,          5, 	      28308
iid:  1152,          4,          6, 	      27978
iid:  1153,          8,          4, 	      26340
iid:  1154,          5,          5, 	      28499
iid:  1155,          8,          5, 	      30934
iid:  1156,          4,          4, 	      26002
iid:  1157,          8,          6, 	      29113
iid:  1158,          5,          5, 	      30871
iid:  1159,          5,          5, 	      28618
iid:  1160,          6,          5, 	      28983
iid:  1161,          7,          4, 	      28101
iid:  1162,          7,          3, 	      29446
iid:  1163,          2,          6, 	      28720
iid:  1164,          7,          5, 	      31647
iid:  1165,          4,          5, 	      28684
iid:  1166,          8,          5, 	      30885
iid:  1167,          5,          5, 	      28167
iid:  1168,          5,          5, 	      27134
iid:  1169,          7,          6, 	      27647
iid:  1170,          8,          5, 	      30551
iid:  1171,          4,          4, 	      27862
iid:  1172,          4,          6, 	      26358
iid:  1173,          8,          6, 	      27200
iid:  1174,          6,          4, 	      27341
iid:  1175,          8,          5, 	      30817
iid:  1176,          5,          4, 	      26172
iid:  1177,          5,          5, 	      28410
iid:  1178,          4,          6, 	      29475
iid:  1179,          9,          5, 	      26460
iid:  1180,          6,          4, 	      29628
iid:  1181,          5,          5, 	      30089
iid:  1182,          5,          4, 	      26000
iid:  1183,          5,          7, 	      30152
iid:  1184,         10,          5, 	      27706
iid:  1185,          5,          4, 	      30356
iid:  1186,          4,          6, 	      30205
iid:  1187,          9,          4, 	      30094
iid:  1188,          4,          5, 	      29609
iid:  1189,          4,          6, 	      29018
iid:  1190,          8,          5, 	      26504
iid:  1191,          8,          3, 	      30143
iid:  1192,          2,          5, 	      29568
iid:  1193,          5,          4, 	      27450
iid:  1194,          5,          8, 	      27802
iid:  1195,         10,          5, 	      27746
iid:  1196,          8,          4, 	      30808
iid:  1197,          4,          4, 	      30813
iid:  1198,          2,          5, 	      30017
iid:  1199,          4,          5, 	      28153
iid:  1200,          9,          5, 	      30649
iid:  1201,          6,          3, 	      29610
iid:  1202,          2,          5, 	      29236
iid:  1203,          7,          4, 	      28579
iid:  1204,          4,          5, 	      29070
iid:  1205,          6,          7, 	      29253
iid:  1206,          9,          4, 	      25768
iid:  1207,          9,          4, 	      31160
iid:  1208,          4,          4, 	      34917
iid:  1209,          2,          5, 	      34230
iid:  1210,          4,          5, 	      29742
iid:  1211,          9,          4, 	      32373
iid:  1212,          4,          5, 	      32020
iid:  1213,          4,          5, 	      28466
iid:  1214,          6,          4, 	      31732
iid:  1215,          4,          5, 	      27201
iid:  1216,          7,          7, 	      27560
iid:  1217,          9,          4, 	      27308
iid:  1218,          7,          6, 	      28776
iid:  1219,          5,          3, 	      30355
iid:  1220,          2,          7, 	      29944
iid:  1221,         11,          4, 	      26172
iid:  1222,          5,          6, 	      30564
iid:  1223,          6,          3, 	      33727
iid:  1224,          2,          3, 	      33298
iid:  1225,          2,          4, 	      32879
iid:  1226,          4,          5, 	      28868
iid:  1227,          7,          6, 	      28677
iid:  1228,          7,          4, 	      30047
iid:  1229,          6,          4, 	      29685
iid:  1230,          4,          5, 	      31958
iid:  1231,          4,          6, 	      26950
iid:  1232,         13,          4, 	      27869
iid:  1233,          5,          3, 	      31413
iid:  1234,          3,          5, 	      31239
iid:  1235,          7,          4, 	      30878
iid:  1236,          5,          3, 	      33896
iid:  1237,          2,          6, 	      30892
iid:  1238,          4,          5, 	      28628
iid:  1239,          5,          5, 	      26678
iid:  1240,          7,          4, 	      31786
iid:  1241,          4,          5, 	      31234
iid:  1242,          6,          6, 	      27626
iid:  1243,          9,          5, 	      26657
iid:  1244,          4,          5, 	      28477
iid:  1245,          4,          5, 	      30331
iid:  1246,         15,          4, 	      30493
iid:  1247,          5,          5, 	      33464
iid:  1248,          2,          3, 	      32298
iid:  1249,          2,          6, 	      31929
iid:  1250,          7,          3, 	      34225
iid:  1251,          2,          4, 	      33596
iid:  1252,          4,          7, 	      29921
iid:  1253,          8,          4, 	      31046
iid:  1254,          4,          4, 	      29632
iid:  1255,          5,          6, 	      31128
iid:  1256,          4,          4, 	      26654
iid:  1257,         12,          3, 	      30523
iid:  1258,          2,          6, 	      30081
iid:  1259,          7,          4, 	      33315
iid:  1260,          6,          3, 	      27767
iid:  1261,          2,          6, 	      27611
iid:  1262,          6,          5, 	      27728
iid:  1263,          5,          4, 	      31465
iid:  1264,          5,          3, 	      30518
iid:  1265,          2,          5, 	      29692
iid:  1266,          7,          6, 	      31251
iid:  1267,          5,          5, 	      28161
iid:  1268,          8,          5, 	      26911
iid:  1269,          7,          4, 	      29443
iid:  1270,          6,          3, 	      33443
iid:  1271,          2,          6, 	      32985
iid:  1272,          6,          4, 	      26749
iid:  1273,          7,          5, 	      30410
iid:  1274,          5,          3, 	      31091
iid:  1275,          2,          4, 	      30584
iid:  1276,          9,          6, 	      33496
iid:  1277,          4,          4, 	      26806
iid:  1278,          5,          8, 	      27214
iid:  1279,          7,          4, 	      27311
iid:  1280,          6,          4, 	      29224
iid:  1281,          9,          3, 	      32644
iid:  1282,          2,          6, 	      31920
iid:  1283,          5,          6, 	      26581
iid:  1284,          6,          4, 	      28402
iid:  1285,          4,          5, 	      28525
iid:  1286,          8,          5, 	      27798
iid:  1287,          5,          4, 	      30278
iid:  1288,          4,          3, 	      32909
iid:  1289,          2,          6, 	      30303
iid:  1290,         19,          5, 	      50620
iid:  1291,          4,          3, 	      48788
iid:  1292,          2,          5, 	      47939
iid:  1293,          2,          3, 	      44900
iid:  1294,          2,          3, 	      39163
iid:  1295,          2,          5, 	      38286
iid:  1296,          2,          4, 	      33034
iid:  1297,          2,          4, 	      30239
iid:  1298,          6,          4, 	      41444
iid:  1299,          5,          6, 	      42418
iid:  1300,          5,          4, 	      28068
iid:  1301,         15,          4, 	      28149
iid:  1302,          5,          4, 	      31457
iid:  1303,          5,          3, 	      33131
iid:  1304,          2,          5, 	      32757
iid:  1305,          2,          3, 	      31965
iid:  1306,          2,          3, 	      31553
iid:  1307,          2,          5, 	      31104
iid:  1308,          4,          4, 	      28344
iid:  1309,          8,          5, 	      40752
iid:  1310,          4,          5, 	      31921
iid:  1311,          5,          6, 	      26478
iid:  1312,          6,          5, 	      29074
iid:  1313,         14,          4, 	      28091
iid:  1314,          6,          3, 	      31722
iid:  1315,          2,          4, 	      31347
iid:  1316,          5,          5, 	      35987
iid:  1317,          2,          3, 	      34552
iid:  1318,          2,          5, 	      34467
iid:  1319,          4,          4, 	      28908
iid:  1320,          4,          4, 	      30127
iid:  1321,          6,          5, 	      34960
iid:  1322,          4,          5, 	      28004
iid:  1323,          8,          7, 	      26728
iid:  1324,          5,          4, 	      26498
iid:  1325,         17,          4, 	      36996
iid:  1326,          4,          3, 	      33233
iid:  1327,          2,          3, 	      32783
iid:  1328,          2,          5, 	      32345
iid:  1329,          2,          5, 	      31568
iid:  1330,          7,          4, 	      35426
iid:  1331,          4,          4, 	      34806
iid:  1332,          4,          5, 	      34364
iid:  1333,          4,          5, 	      29176
iid:  1334,          7,          6, 	      33574
iid:  1335,          5,          4, 	      29784
iid:  1336,         11,          4, 	      27338
iid:  1337,          4,          8, 	      32187
iid:  1338,          4,          3, 	      30477
iid:  1339,          2,          4, 	      30064
iid:  1340,         11,          4, 	      32502
iid:  1341,          5,          4, 	      34335
iid:  1342,          2,          3, 	      33508
iid:  1343,          2,          5, 	      32656
iid:  1344,          7,          5, 	      33556
iid:  1345,          5,          4, 	      27158
iid:  1346,          5,          6, 	      30577
iid:  1347,          8,          5, 	      26973
iid:  1348,          4,          3, 	      28764
iid:  1349,          2,          5, 	      28404
iid:  1350,         14,          4, 	      29127
iid:  1351,          5,          3, 	      31534
iid:  1352,          2,          5, 	      31180
iid:  1353,          4,          4, 	      30730
iid:  1354,          2,          5, 	      27869
iid:  1355,          7,          4, 	      32532
iid:  1356,          4,          6, 	      28322
iid:  1357,          6,          4, 	      26778
iid:  1358,          6,          3, 	      27224
iid:  1359,          2,          6, 	      26583
iid:  1360,         12,          4, 	      26343
iid:  1361,          8,          3, 	      31866
iid:  1362,          2,          4, 	      31546
iid:  1363,          6,          5, 	      35645
iid:  1364,          2,          5, 	      34590
iid:  1365,          5,          3, 	      32600
iid:  1366,          3,          5, 	      31962
iid:  1367,          5,          3, 	      32128
iid:  1368,          2,          4, 	      31843
iid:  1369,          4,          5, 	      31556
iid:  1370,          7,          6, 	      29491
iid:  1371,          8,          5, 	      26284
iid:  1372,          9,          4, 	      29303
iid:  1373,          4,          3, 	      31468
iid:  1374,          2,          4, 	      31073
iid:  1375,          6,          7, 	      29998
iid:  1376,          6,          4, 	      29329
iid:  1377,          6,          5, 	      27474
iid:  1378,          6,          4, 	      31066
iid:  1379,          4,          3, 	      31548
iid:  1380,          2,          5, 	      28450
iid:  1381,          7,          6, 	      27183
iid:  1382,          6,          6, 	      26852
iid:  1383,         11,          4, 	      29769
iid:  1384,          4,          3, 	      30603
iid:  1385,          2,          4, 	      30432
iid:  1386,          4,          6, 	      31183
iid:  1387,         10,          6, 	      31829
iid:  1388,          5,          3, 	      28978
iid:  1389,          2,          3, 	      28673
iid:  1390,          2,          5, 	      28328
iid:  1391,          8,          4, 	      31962
iid:  1392,          4,          5, 	      28220
iid:  1393,          5,          7, 	      26589
iid:  1394,          9,          4, 	      25982
iid:  1395,          4,          4, 	      28885
iid:  1396,          9,          4, 	      31589
iid:  1397,          2,          4, 	      30645
iid:  1398,          7,          6, 	      28795
iid:  1399,          6,          3, 	      29685
iid:  1400,          2,          5, 	      29344
iid:  1401,          7,          4, 	      32374
iid:  1402,          4,          4, 	      31761
iid:  1403,          4,          6, 	      28875
iid:  1404,          8,          6, 	      30286
iid:  1405,          6,          4, 	      26448
iid:  1406,          4,          5, 	      27465
iid:  1407,          5,          5, 	      27541
iid:  1408,          9,          7, 	      26059
iid:  1409,          5,          3, 	      27971
iid:  1410,          2,          4, 	      27461
iid:  1411,          8,          5, 	      26884
iid:  1412,          8,          3, 	      30371
iid:  1413,          2,          6, 	      29969
iid:  1414,          7,          3, 	      29373
iid:  1415,          2,          5, 	      28834
iid:  1416,          6,          4, 	      29530
iid:  1417,          5,          6, 	      28847
iid:  1418,          7,          4, 	      28990
iid:  1419,          5,          4, 	      29746
iid:  1420,          4,          5, 	      27026
iid:  1421,          6,          6, 	      28536
iid:  1422,          9,          4, 	      27071
iid:  1423,          6,          6, 	      31105
iid:  1424,          6,          3, 	      28343
iid:  1425,          2,          5, 	      27920
iid:  1426,          8,          4, 	      27458
iid:  1427,          6,          6, 	      29582
iid:  1428,          4,          5, 	      28777
iid:  1429,          6,          4, 	      27831
iid:  1430,          7,          3, 	      30869
iid:  1431,          2,          6, 	      28119
iid:  1432,          8,          6, 	      27801
iid:  1433,          7,          5, 	      28481
iid:  1434,          4,          3, 	      27621
iid:  1435,          2,          6, 	      26969
iid:  1436,          9,          5, 	      28426
iid:  1437,          6,          3, 	      29001
iid:  1438,          3,          5, 	      28570
iid:  1439,          5,          4, 	      30042
iid:  1440,          7,          4, 	      29455
iid:  1441,          4,          6, 	      29468
iid:  1442,          7,          5, 	      28818
iid:  1443,          4,          4, 	      26421
iid:  1444,          6,          5, 	      27707
iid:  1445,          6,          5, 	      29841
iid:  1446,          6,          5, 	      27859
iid:  1447,          6,          4, 	      26334
iid:  1448,          8,          6, 	      30754
iid:  1449,          4,          4, 	      28353
iid:  1450,          7,          6, 	      30271
iid:  1451,          5,          4, 	      28027
iid:  1452,          7,          5, 	      30791
iid:  1453,          4,          5, 	      28579
iid:  1454,          8,          5, 	      31196
iid:  1455,          4,          5, 	      28662
iid:  1456,          7,          6, 	      30960
iid:  1457,          9,          4, 	      29358
iid:  1458,          6,          5, 	      29376
iid:  1459,          5,          5, 	      31563
iid:  1460,          4,          6, 	      26327
iid:  1461,          9,          5, 	      30388
iid:  1462,          5,          5, 	      30775
iid:  1463,          4,          6, 	      27673
iid:  1464,          8,          4, 	      28835
iid:  1465,          4,          4, 	      28065
iid:  1466,          7,          6, 	      26901
iid:  1467,          6,          5, 	      28520
iid:  1468,          6,          5, 	      29242
iid:  1469,          6,          5, 	      26807
iid:  1470,          6,          6, 	      29853
iid:  1471,          7,          4, 	      27451
iid:  1472,          4,          6, 	      27564
iid:  1473,          6,          5, 	      27683
iid:  1474,          9,          5, 	      27922
iid:  1475,          8,          4, 	      30314
iid:  1476,          4,          5, 	      32970
iid:  1477,          4,          5, 	      30464
iid:  1478,          6,          4, 	      29995
iid:  1479,          7,          6, 	      29897
iid:  1480,          6,          5, 	      29654
iid:  1481,          5,          5, 	      29974
iid:  1482,          5,          4, 	      30898
iid:  1483,          4,          6, 	      27049
iid:  1484,         11,          6, 	      28398
iid:  1485,          4,          6, 	      28568
iid:  1486,          9,          5, 	      27356
iid:  1487,          4,          4, 	      29801
iid:  1488,          8,          5, 	      29028
iid:  1489,          4,          7, 	      31116
iid:  1490,          8,          4, 	      29065
iid:  1491,          6,          4, 	      31767
iid:  1492,          4,          5, 	      27171
iid:  1493,          7,          5, 	      31694
iid:  1494,          4,          5, 	      28081
iid:  1495,          8,          5, 	      28580
iid:  1496,          4,          5, 	      27070
iid:  1497,          9,          5, 	      29823
iid:  1498,          4,          5, 	      26848
iid:  1499,          6,          5, 	      27640
iid:  1500,          5,          7, 	      26587
iid:  1501,          8,          4, 	      26382
iid:  1502,          9,          5, 	      32126
iid:  1503,          4,          3, 	      31341
iid:  1504,          2,          5, 	      30966
iid:  1505,          8,          6, 	      31600
iid:  1506,          4,          5, 	      27067
iid:  1507,          7,          4, 	      28486
iid:  1508,          4,          5, 	      29154
iid:  1509,          6,          4, 	      30180
iid:  1510,          5,          5, 	      28602
iid:  1511,          5,          6, 	      26474
iid:  1512,          7,          6, 	      27109
iid:  1513,          9,          4, 	      25945
iid:  1514,          9,          5, 	      32313
iid:  1515,          6,          4, 	      30762
iid:  1516,          2,          6, 	      29991
iid:  1517,          6,          5, 	      29051
iid:  1518,          5,          5, 	      28390
iid:  1519,          6,          4, 	      30734
iid:  1520,          5,          3, 	      30082
iid:  1521,          2,          6, 	      27305
iid:  1522,          7,          4, 	      30765
iid:  1523,          4,          6, 	      28106
iid:  1524,          8,          5, 	      28107
iid:  1525,          7,          4, 	      28717
iid:  1526,          2,          5, 	      27971
iid:  1527,          6,          3, 	      28161
iid:  1528,          2,          5, 	      27386
iid:  1529,          8,          6, 	      28546
iid:  1530,          7,          3, 	      27518
iid:  1531,          2,          4, 	      27148
iid:  1532,          6,          5, 	      27145
iid:  1533,          6,          5, 	      29424
iid:  1534,          4,          5, 	      26220
iid:  1535,          8,          4, 	      27154
iid:  1536,          6,          5, 	      31169
iid:  1537,          5,          4, 	      30899
iid:  1538,          4,          4, 	      30428
iid:  1539,          8,          6, 	      31794
iid:  1540,          8,          5, 	      28778
iid:  1541,          4,          3, 	      29123
iid:  1542,          2,          5, 	      28512
iid:  1543,          5,          4, 	      26252
iid:  1544,          8,          5, 	      27012
iid:  1545,          5,          8, 	      28815
iid:  1546,          8,          4, 	      26016
iid:  1547,          7,          5, 	      29717
iid:  1548,          7,          5, 	      31262
iid:  1549,          4,          5, 	      29747
iid:  1550,          4,          6, 	      26971
iid:  1551,          9,          4, 	      28960
iid:  1552,          7,          5, 	      33259
iid:  1553,          4,          3, 	      30102
iid:  1554,          2,          5, 	      29711
iid:  1555,          9,          4, 	      32041
iid:  1556,          4,          6, 	      29530
iid:  1557,          7,          6, 	      30952
iid:  1558,          4,          4, 	      28001
iid:  1559,          7,          5, 	      28311
iid:  1560,          4,          4, 	      30500
iid:  1561,          5,          6, 	      27445
iid:  1562,          9,          6, 	      25646
iid:  1563,          7,          4, 	      27526
iid:  1564,          4,          4, 	      29931
iid:  1565,          6,          6, 	      26014
iid:  1566,          4,          5, 	      27799
iid:  1567,          9,          4, 	      26521
iid:  1568,          6,          6, 	      29912
iid:  1569,          5,          4, 	      29278
iid:  1570,          7,          4, 	      26984
iid:  1571,          4,          6, 	      28272
iid:  1572,          8,          5, 	      28688
iid:  1573,          4,          7, 	      26782
iid:  1574,          9,          5, 	      29418
iid:  1575,          6,          3, 	      28027
iid:  1576,          2,          5, 	      27743
iid:  1577,          6,          7, 	      30033
iid:  1578,          9,          5, 	      27598
iid:  1579,          7,          4, 	      29315
iid:  1580,          6,          4, 	      32055
iid:  1581,          2,          5, 	      31415
iid:  1582,          6,          4, 	      30213
iid:  1583,          4,          5, 	      29505
iid:  1584,          4,          5, 	      27061
iid:  1585,          8,          4, 	      28837
iid:  1586,          6,          4, 	      29634
iid:  1587,          4,          5, 	      29117
iid:  1588,          5,          6, 	      29738
iid:  1589,          9,          4, 	      29002
iid:  1590,          7,          6, 	      29088
iid:  1591,          4,          5, 	      29611
iid:  1592,          8,          3, 	      27927
iid:  1593,          2,          5, 	      27469
iid:  1594,          8,          6, 	      32373
iid:  1595,          5,          4, 	      30321
iid:  1596,          7,          5, 	      31479
iid:  1597,          4,          5, 	      30515
iid:  1598,          4,          4, 	      26441
iid:  1599,          7,          6, 	      31382
iid:  1600,          5,          4, 	      25853
iid:  1601,          7,          5, 	      31808
iid:  1602,          6,          5, 	      26767
iid:  1603,          8,          5, 	      28863
iid:  1604,          5,          7, 	      27526
iid:  1605,          4,          5, 	      27106
iid:  1606,         10,          5, 	      26916
iid:  1607,          6,          3, 	      30238
iid:  1608,          2,          6, 	      29868
iid:  1609,          7,          5, 	      27654
iid:  1610,          4,          4, 	      26321
iid:  1611,          8,          5, 	      31099
iid:  1612,          4,          5, 	      28958
iid:  1613,          6,          5, 	      28277
iid:  1614,          6,          5, 	      26542
iid:  1615,          4,          5, 	      28347
iid:  1616,          8,          5, 	      25874
iid:  1617,          9,          4, 	      28505
iid:  1618,          4,          6, 	      29845
iid:  1619,          6,          5, 	      28864
iid:  1620,          4,          5, 	      28174
iid:  1621,          9,          5, 	      30937
iid:  1622,          8,          5, 	      31273
iid:  1623,          4,          3, 	      33184
iid:  1624,          2,          5, 	      32775
iid:  1625,          8,          3, 	      31106
iid:  1626,          2,          6, 	      30489
iid:  1627,          5,          6, 	      25769
iid:  1628,          8,          5, 	      30065
iid:  1629,          5,          4, 	      25692
iid:  1630,          6,          5, 	      29641
iid:  1631,          4,          6, 	      29003
iid:  1632,          7,          5, 	      29172
iid:  1633,          6,          3, 	      30507
iid:  1634,          2,          5, 	      30196
iid:  1635,          8,          5, 	      28644
iid:  1636,          8,          5, 	      28688
iid:  1637,          4,          6, 	      30105
iid:  1638,          7,          4, 	      29504
iid:  1639,          5,          5, 	      28960
iid:  1640,          6,          4, 	      28536
iid:  1641,          5,          3, 	      28076
iid:  1642,          2,          5, 	      27499
iid:  1643,          8,          5, 	      26000
iid:  1644,          4,          6, 	      28963
iid:  1645,          6,          4, 	      25878
iid:  1646,         10,          6, 	      29637
iid:  1647,          4,          5, 	      29993
iid:  1648,          6,          4, 	      28577
iid:  1649,          6,          6, 	      29381
iid:  1650,          7,          4, 	      27028
iid:  1651,          5,          4, 	      29989
iid:  1652,          7,          4, 	      32627
iid:  1653,          2,          5, 	      29742
iid:  1654,          5,          4, 	      28838
iid:  1655,          4,          6, 	      28219
iid:  1656,          7,          5, 	      25637
iid:  1657,          9,          6, 	      28282
iid:  1658,          7,          4, 	      28748
iid:  1659,          2,          5, 	      27777
iid:  1660,          6,          5, 	      29181
iid:  1661,          5,          6, 	      27351
iid:  1662,         10,          4, 	      28791
iid:  1663,          6,          4, 	      30011
iid:  1664,          5,          3, 	      33603
iid:  1665,          2,          6, 	      33191
iid:  1666,          5,          4, 	      29292
iid:  1667,          5,          6, 	      29081
iid:  1668,          9,          5, 	      29934
iid:  1669,          4,          3, 	      28777
iid:  1670,          3,          5, 	      29797
iid:  1671,          6,          4, 	      28844
iid:  1672,          4,          6, 	      28735
iid:  1673,          8,          6, 	      28379
iid:  1674,          6,          4, 	      28294
iid:  1675,          4,          4, 	      29318
iid:  1676,          7,          5, 	      25764
iid:  1677,          8,          5, 	      30699
iid:  1678,          6,          5, 	      31113
iid:  1679,          5,          4, 	      30027
iid:  1680,          2,          5, 	      29193
iid:  1681,          8,          4, 	      27955
iid:  1682,          4,          4, 	      27738
iid:  1683,          7,          7, 	      29975
iid:  1684,          8,          4, 	      26433
iid:  1685,          5,          3, 	      28254
iid:  1686,          2,          7, 	      27855
iid:  1687,          9,          5, 	      29354
iid:  1688,          5,          4, 	      29307
iid:  1689,          6,          5, 	      29242
iid:  1690,          6,          6, 	      31185
iid:  1691,          6,          3, 	      29321
iid:  1692,          2,          5, 	      28819
iid:  1693,          6,          5, 	      28679
iid:  1694,          5,          4, 	      26833
iid:  1695,          7,          5, 	      27604
iid:  1696,          5,          4, 	      28011
iid:  1697,          6,          6, 	      27490
iid:  1698,          6,          5, 	      28402
iid:  1699,          4,          5, 	      27752
iid:  1700,          8,          5, 	      26781
iid:  1701,          9,          3, 	      29420
iid:  1702,          2,          6, 	      28910
iid:  1703,          6,          3, 	      28758
iid:  1704,          2,          6, 	      28357
iid:  1705,          5,          5, 	      30084
iid:  1706,          8,          4, 	      30015
iid:  1707,          7,          6, 	      32320
iid:  1708,          5,          4, 	      30292
iid:  1709,          5,          5, 	      30087
iid:  1710,          4,          5, 	      30058
iid:  1711,          8,          4, 	      28846
iid:  1712,          9,          5, 	      34003
iid:  1713,          6,          3, 	      32704
iid:  1714,          2,          6, 	      31747
iid:  1715,          4,          5, 	      27734
iid:  1716,          9,          5, 	      32940
iid:  1717,          4,          6, 	      28796
iid:  1718,          4,          5, 	      26459
iid:  1719,          8,          4, 	      29596
iid:  1720,          5,          4, 	      28730
iid:  1721,          5,          7, 	      27171
iid:  1722,         10,          4, 	      29513
iid:  1723,          4,          6, 	      27489
iid:  1724,          5,          4, 	      29756
iid:  1725,          6,          5, 	      29826
iid:  1726,          7,          6, 	      27510
iid:  1727,          5,          3, 	      28358
iid:  1728,          2,          5, 	      27906
iid:  1729,         10,          4, 	      27791
iid:  1730,          5,          5, 	      31010
iid:  1731,          4,          4, 	      31061
iid:  1732,          6,          7, 	      28589
iid:  1733,          8,          4, 	      30987
iid:  1734,          4,          5, 	      28467
iid:  1735,          4,          5, 	      29101
iid:  1736,         10,          5, 	      29665
iid:  1737,          4,          4, 	      26353
iid:  1738,          6,          5, 	      30648
iid:  1739,          6,          6, 	      29281
iid:  1740,          9,          4, 	      28340
iid:  1741,          4,          5, 	      29193
iid:  1742,         11,          7, 	      35562
iid:  1743,          4,          5, 	      31868
iid:  1744,          6,          4, 	      31817
iid:  1745,          4,          5, 	      31112
iid:  1746,          4,          5, 	      28649
iid:  1747,          4,          5, 	      29911
iid:  1748,          7,          5, 	      31272
iid:  1749,          7,          7, 	      33455
iid:  1750,          9,          4, 	      26222
iid:  1751,          7,          3, 	      29113
iid:  1752,          2,          6, 	      28715
iid:  1753,          8,          6, 	      33003
iid:  1754,          4,          4, 	      27096
iid:  1755,          7,          4, 	      32013
iid:  1756,          5,          4, 	      31712
iid:  1757,          2,          4, 	      30817
iid:  1758,          5,          5, 	      28875
iid:  1759,          5,          5, 	      29671
iid:  1760,          7,          5, 	      26070
iid:  1761,          6,          6, 	      26811
iid:  1762,          5,          5, 	      26315
iid:  1763,          9,          5, 	      28259
iid:  1764,          8,          3, 	      29124
iid:  1765,          3,          5, 	      28613
iid:  1766,          5,          5, 	      28183
iid:  1767,          7,          6, 	      27892
iid:  1768,          4,          4, 	      29329
iid:  1769,          7,          5, 	      30333
iid:  1770,          5,          5, 	      29774
iid:  1771,          5,          4, 	      29230
iid:  1772,          4,          6, 	      28608
iid:  1773,         10,          4, 	      29747
iid:  1774,          4,          5, 	      28722
iid:  1775,          6,          6, 	      30124
iid:  1776,          7,          4, 	      31328
iid:  1777,          4,          6, 	      26072
iid:  1778,          8,          4, 	      31015
iid:  1779,          4,          6, 	      28355
iid:  1780,          9,          4, 	      30725
iid:  1781,          4,          5, 	      25509
iid:  1782,          4,          6, 	      28044
iid:  1783,          8,          4, 	      26370
iid:  1784,          7,          6, 	      27854
iid:  1785,          4,          6, 	      27085
iid:  1786,          4,          4, 	      26409
iid:  1787,         13,          3, 	      36541
iid:  1788,          2,          6, 	      32898
iid:  1789,          8,          5, 	      37347
iid:  1790,          4,          4, 	      30869
iid:  1791,          2,          4, 	      30210
iid:  1792,          9,          5, 	      34029
iid:  1793,          4,          5, 	      33615
iid:  1794,          4,          4, 	      28300
iid:  1795,          4,          6, 	      28962
iid:  1796,          9,          5, 	      32221
iid:  1797,          4,          6, 	      26516
iid:  1798,          5,          4, 	      28571
iid:  1799,         10,          7, 	      26301
iid:  1800,          4,          3, 	      28005
iid:  1801,          2,          5, 	      27514
iid:  1802,         12,          3, 	      29868
iid:  1803,          2,          5, 	      29467
iid:  1804,          7,          3, 	      33783
iid:  1805,          2,          5, 	      33415
iid:  1806,          4,          5, 	      29498
iid:  1807,          7,          4, 	      32563
iid:  1808,          4,          6, 	      29776
iid:  1809,          6,          4, 	      31043
iid:  1810,          4,          4, 	      27482
iid:  1811,          4,          5, 	      28606
iid:  1812,          7,          4, 	      26876
iid:  1813,         15,          3, 	      37030
iid:  1814,          2,          6, 	      31983
iid:  1815,          7,          3, 	      36460
iid:  1816,          2,          4, 	      36126
iid:  1817,          4,          5, 	      29846
iid:  1818,          2,          5, 	      28947
iid:  1819,          6,          4, 	      33969
iid:  1820,          4,          3, 	      31922
iid:  1821,          2,          5, 	      31255
iid:  1822,          5,          5, 	      28642
iid:  1823,          9,          4, 	      26894
iid:  1824,          8,          5, 	      34657
iid:  1825,          4,          4, 	      30342
iid:  1826,         11,          7, 	      32973
iid:  1827,          6,          3, 	      35332
iid:  1828,          2,          3, 	      35047
iid:  1829,          2,          3, 	      30502
iid:  1830,          2,          3, 	      30027
iid:  1831,          2,          4, 	      29652
iid:  1832,          8,          5, 	      37012
iid:  1833,          4,          5, 	      31411
iid:  1834,          5,          6, 	      26317
iid:  1835,          6,          4, 	      26483
iid:  1836,          4,          5, 	      27042
iid:  1837,         19,          4, 	      55895
iid:  1838,          4,          4, 	      57807
iid:  1839,          4,          5, 	      57687
iid:  1840,          2,          3, 	      57088
iid:  1841,          2,          5, 	      56706
iid:  1842,          4,          4, 	      51118
iid:  1843,          4,          5, 	      48397
iid:  1844,          4,          5, 	      47916
iid:  1845,          4,          4, 	      41586
iid:  1846,          4,          4, 	      41080
iid:  1847,         13,          4, 	      28495
i