iid:     9,          4,          4, 	      33558
iid:    10,          7,          4, 	      45282
iid:    11,          5,          4, 	      48734
iid:    12,          7,          4, 	      57889
iid:    13,          7,          3, 	      60090
iid:    14,          2,          4, 	      59628
iid:    15,         17,          4, 	      71054
iid:    16,          8,          3, 	      73866
iid:    17,          2,          3, 	      73438
iid:    18,          2,          4, 	      73059
iid:    19,          2,          5, 	      39866
iid:    20,          2,          3, 	      24805
iid:    21,          2,          6, 	      23686
iid:    22,          9,          4, 	      23807
iid:    23,          4,          3, 	      23281
iid:    24,          2,          7, 	      22515
iid:    25,         18,          4, 	      17397
iid:    26,         10,          4, 	      28836
iid:    27,          5,          3, 	      30236
iid:    28,          2,          3, 	      28695
iid:    29,          2,          3, 	      24835
iid:    30,          2,          3, 	      24189
iid:    31,          2,          4, 	      23445
iid:    32,         23,          4, 	      35287
iid:    33,         10,          4, 	      42443
iid:    34,          6,          5, 	      47738
iid:    35,          4,          6, 	      38203
iid:    36,         12,          4, 	      28916
iid:    37,          6,          4, 	      23308
iid:    38,         18,          5, 	      29577
iid:    39,          5,          3, 	      30793
iid:    40,          2,          4, 	      30313
iid:    41,          2,          3, 	      29765
iid:    42,          2,          4, 	      25570
iid:    43,          2,          7, 	      18713
iid:    44,         12,          5, 	      23371
iid:    45,          4,          4, 	      21123
iid:    46,          5,          4, 	      25996
iid:    47,          4,          7, 	      21052
iid:    48,         17,          4, 	      16843
iid:    49,         10,          4, 	      23180
iid:    50,          5,          3, 	      25667
iid:    51,          2,          5, 	      25474
iid:    52,          2,          3, 	      25131
iid:    53,          2,          3, 	      24234
iid:    54,          2,          3, 	      23938
iid:    55,          2,          4, 	      23708
iid:    56,          4,          4, 	      18748
iid:    57,         15,          5, 	      31362
iid:    58,          7,          7, 	      23563
iid:    59,         23,          6, 	      16844
iid:    60,         10,          4, 	      23289
iid:    61,         12,          3, 	      25610
iid:    62,          2,          3, 	      25365
iid:    63,          2,          3, 	      25089
iid:    64,          2,          3, 	      24816
iid:    65,          2,          3, 	      24064
iid:    66,          2,          4, 	      23849
iid:    67,          8,          4, 	      31423
iid:    68,          4,          5, 	      30809
iid:    69,          4,          6, 	      23467
iid:    70,         28,          4, 	      16831
iid:    71,         10,          4, 	      24170
iid:    72,          4,          7, 	      25582
iid:    73,          2,          3, 	      24302
iid:    74,          2,          3, 	      24001
iid:    75,          2,          3, 	      23731
iid:    76,          3,          4, 	      23138
iid:    77,          5,          4, 	      19208
iid:    78,         16,          4, 	      33031
iid:    79,          4,          5, 	      32686
iid:    80,          4,          7, 	      26855
iid:    81,         27,          4, 	      18976
iid:    82,          8,          4, 	      25107
iid:    83,          5,          3, 	      27160
iid:    84,          2,          3, 	      27027
iid:    85,          2,          6, 	      26865
iid:    86,          2,          3, 	      24707
iid:    87,          2,          4, 	      23691
iid:    88,         20,          4, 	      27510
iid:    89,          4,          3, 	      27393
iid:    90,          2,          5, 	      26949
iid:    91,          4,          6, 	      19688
iid:    92,         12,          4, 	      21282
iid:    93,          8,          4, 	      21817
iid:    94,          7,          3, 	      23548
iid:    95,          2,          6, 	      23018
iid:    96,          2,          3, 	      21569
iid:    97,          2,          4, 	      21136
iid:    98,         20,          5, 	      21663
iid:    99,          4,          4, 	      20810
iid:   100,          4,          3, 	      21307
iid:   101,          2,          4, 	      20929
iid:   102,          4,          7, 	      17610
iid:   103,         14,          4, 	      24541
iid:   104,          7,          4, 	      17500
iid:   105,         14,          6, 	      23093
iid:   106,          7,          4, 	      22180
iid:   107,          7,          6, 	      23228
iid:   108,         10,          4, 	      19746
iid:   109,          6,          3, 	      21377
iid:   110,          2,          3, 	      21299
iid:   111,          2,          4, 	      21196
iid:   112,          2,          5, 	      19882
iid:   113,         19,          6, 	      24890
iid:   114,          4,          5, 	      23991
iid:   115,          4,          4, 	      19002
iid:   116,          4,          4, 	      20446
iid:   117,          9,          6, 	      24522
iid:   118,          7,          4, 	      20488
iid:   119,         12,          4, 	      20854
iid:   120,         15,          6, 	      23969
iid:   121,          2,          3, 	      22541
iid:   122,          2,          5, 	      22228
iid:   123,         10,          5, 	      21857
iid:   124,          6,          5, 	      21948
iid:   125,          4,          4, 	      22879
iid:   126,          4,          3, 	      22627
iid:   127,          2,          4, 	      22287
iid:   128,          4,          6, 	      21071
iid:   129,         28,          4, 	      25062
iid:   130,          7,          5, 	      22426
iid:   131,          4,          3, 	      21305
iid:   132,          2,          8, 	      20776
iid:   133,         11,          5, 	      23462
iid:   134,          7,          4, 	      23001
iid:   135,          9,          4, 	      22133
iid:   136,          4,          4, 	      22489
iid:   137,          2,          4, 	      20072
iid:   138,         19,          6, 	      26232
iid:   139,          4,          4, 	      23271
iid:   140,          7,          5, 	      23564
iid:   141,          4,          3, 	      22639
iid:   142,          2,          7, 	      22196
iid:   143,         10,          4, 	      18667
iid:   144,         11,          4, 	      23125
iid:   145,          4,          6, 	      24801
iid:   146,         21,          4, 	      21735
iid:   147,          7,          4, 	      23475
iid:   148,          4,          3, 	      22555
iid:   149,          2,          7, 	      22098
iid:   150,         14,          4, 	      24940
iid:   151,          4,          4, 	      23363
iid:   152,          4,          5, 	      22424
iid:   153,          5,          5, 	      21095
iid:   154,         17,          7, 	      24311
iid:   155,          8,          4, 	      19549
iid:   156,          5,          4, 	      23251
iid:   157,         13,          4, 	      22168
iid:   158,          5,          8, 	      23106
iid:   159,         10,          4, 	      24999
iid:   160,          7,          3, 	      23784
iid:   161,          4,          6, 	      23339
iid:   162,         12,          4, 	      20199
iid:   163,         13,          4, 	      26555
iid:   164,          2,          4, 	      25805
iid:   165,          5,          5, 	      20558
iid:   166,          5,          5, 	      20584
iid:   167,          5,          5, 	      21210
iid:   168,         11,          6, 	      28108
iid:   169,          5,          5, 	      24843
iid:   170,          4,          6, 	      17143
iid:   171,         19,          4, 	      23690
iid:   172,          4,          6, 	      23599
iid:   173,         14,          4, 	      22908
iid:   174,          7,          7, 	      24019
iid:   175,          4,          3, 	      22611
iid:   176,          2,          3, 	      22132
iid:   177,          2,          6, 	      21634
iid:   178,         23,          4, 	      19787
iid:   179,         10,          5, 	      24006
iid:   180,          5,          3, 	      23861
iid:   181,          2,          3, 	      23451
iid:   182,          2,          6, 	      23280
iid:   183,          6,          5, 	      19728
iid:   184,         30,          4, 	      18994
iid:   185,          4,          4, 	      22948
iid:   186,          6,          3, 	      23777
iid:   187,          2,          4, 	      23412
iid:   188,          2,          5, 	      22175
iid:   189,          6,          5, 	      18978
iid:   190,         13,          4, 	      19285
iid:   191,          5,          4, 	      19335
iid:   192,         17,          4, 	      21245
iid:   193,          2,          5, 	      20561
iid:   194,          5,          7, 	      19690
iid:   195,          7,          4, 	      18177
iid:   196,         10,          5, 	      18331
iid:   197,          6,          5, 	      19316
iid:   198,          7,          3, 	      24046
iid:   199,          2,          5, 	      23705
iid:   200,          5,          4, 	      20011
iid:   201,         19,          6, 	      21289
iid:   202,          6,          5, 	      18447
iid:   203,          6,          4, 	      22605
iid:   204,          5,          3, 	      22789
iid:   205,          2,          6, 	      22522
iid:   206,         10,          4, 	      22731
iid:   207,          4,          6, 	      22367
iid:   208,         11,          4, 	      20975
iid:   209,         15,          4, 	      22006
iid:   210,          2,          4, 	      21261
iid:   211,         11,          6, 	      23056
iid:   212,          5,          4, 	      17183
iid:   213,          6,          4, 	      20979
iid:   214,          5,          5, 	      20830
iid:   215,          2,          4, 	      19978
iid:   216,         11,          5, 	      22925
iid:   217,          4,          5, 	      22347
iid:   218,          4,          4, 	      18594
iid:   219,         21,          5, 	      23440
iid:   220,          4,          7, 	      22905
iid:   221,         10,          4, 	      22639
iid:   222,         11,          4, 	      27234
iid:   223,          4,          6, 	      22184
iid:   224,          2,          3, 	      20918
iid:   225,          2,          4, 	      20542
iid:   226,         24,          4, 	      23992
iid:   227,          4,          5, 	      23846
iid:   228,          2,          4, 	      22803
iid:   229,          4,          6, 	      19271
iid:   230,          4,          4, 	      20954
iid:   231,         14,          6, 	      28083
iid:   232,          4,          4, 	      17279
iid:   233,          5,          4, 	      22346
iid:   234,          4,          5, 	      22639
iid:   235,          2,          6, 	      21573
iid:   236,         24,          4, 	      17394
iid:   237,          7,          4, 	      21717
iid:   238,          6,          5, 	      24348
iid:   239,          2,          3, 	      23090
iid:   240,          2,          5, 	      22697
iid:   241,         12,          5, 	      24981
iid:   242,          4,          5, 	      25040
iid:   243,         19,          4, 	      20269
iid:   244,          4,          3, 	      21713
iid:   245,          2,          5, 	      21230
iid:   246,         12,          5, 	      25055
iid:   247,          4,          4, 	      22432
iid:   248,          7,          5, 	      22493
iid:   249,          4,          5, 	      22210
iid:   250,          4,          4, 	      19786
iid:   251,          9,          6, 	      21084
iid:   252,         23,          4, 	      26818
iid:   253,          4,          4, 	      22846
iid:   254,          4,          5, 	      23510
iid:   255,          2,          6, 	      22100
iid:   256,         13,          5, 	      25024
iid:   257,          4,          5, 	      24838
iid:   258,          5,          4, 	      17911
iid:   259,         22,          5, 	      20171
iid:   260,          9,          3, 	      24359
iid:   261,          2,          7, 	      23915
iid:   262,          8,          4, 	      25334
iid:   263,          4,          4, 	      20412
iid:   264,          7,          4, 	      21669
iid:   265,          2,          7, 	      20732
iid:   266,         10,          4, 	      22343
iid:   267,          4,          5, 	      22377
iid:   268,         18,          4, 	      23501
iid:   269,          4,          4, 	      19809
iid:   270,          8,          4, 	      21738
iid:   271,          5,          7, 	      24483
iid:   272,         10,          5, 	      23385
iid:   273,          8,          4, 	      23173
iid:   274,          4,          4, 	      22966
iid:   275,          2,          6, 	      22217
iid:   276,         22,          4, 	      26255
iid:   277,          4,          5, 	      25897
iid:   278,          5,          5, 	      20853
iid:   279,          4,          5, 	      19960
iid:   280,          9,          4, 	      23730
iid:   281,          7,          4, 	      22556
iid:   282,          7,          6, 	      23331
iid:   283,         23,          4, 	      23351
iid:   284,          7,          7, 	      26450
iid:   285,          2,          4, 	      25021
iid:   286,          6,          4, 	      21753
iid:   287,          5,          4, 	      22542
iid:   288,          2,          3, 	      22104
iid:   289,          2,          6, 	      21715
iid:   290,          7,          4, 	      19349
iid:   291,         15,          4, 	      29224
iid:   292,          4,          7, 	      25467
iid:   293,          7,          4, 	      20342
iid:   294,         19,          5, 	      25950
iid:   295,          6,          6, 	      25395
iid:   296,          8,          4, 	      19188
iid:   297,          9,          4, 	      21679
iid:   298,          6,          6, 	      23352
iid:   299,          2,          3, 	      21579
iid:   300,          2,          4, 	      21524
iid:   301,         23,          5, 	      24783
iid:   302,          4,          5, 	      24106
iid:   303,          4,          4, 	      24072
iid:   304,         13,          4, 	      26516
iid:   305,          2,          5, 	      25640
iid:   306,          4,          5, 	      21941
iid:   307,         20,          4, 	      28229
iid:   308,         10,          4, 	      25326
iid:   309,          4,          7, 	      24630
iid:   310,         10,          4, 	      28233
iid:   311,          4,          5, 	      27868
iid:   312,          2,          3, 	      25536
iid:   313,          2,          5, 	      21003
iid:   314,         25,          4, 	      22714
iid:   315,          5,          3, 	      24069
iid:   316,          2,          6, 	      25328
iid:   317,          9,          4, 	      23278
iid:   318,          6,          6, 	      23106
iid:   319,         11,          4, 	      27192
iid:   320,         21,          3, 	      23548
iid:   321,          2,          5, 	      23124
iid:   322,          4,          4, 	      22350
iid:   323,          2,          3, 	      20056
iid:   324,          2,          5, 	      19646
iid:   325,          6,          6, 	      18206
iid:   326,         11,          5, 	      25727
iid:   327,          4,          4, 	      19178
iid:   328,          5,          6, 	      19863
iid:   329,         13,          5, 	      22745
iid:   330,         21,          3, 	      22764
iid:   331,          2,          4, 	      18182
iid:   332,         10,          4, 	      22214
iid:   333,          6,          3, 	      25944
iid:   334,          2,          5, 	      25535
iid:   335,          2,          5, 	      24341
iid:   336,          9,          5, 	      23330
iid:   337,          4,          3, 	      22738
iid:   338,          2,          5, 	      22262
iid:   339,          4,          4, 	      18103
iid:   340,         24,          4, 	      26113
iid:   341,          4,          6, 	      25396
iid:   342,          4,          4, 	      19217
iid:   343,          9,          7, 	      22705
iid:   344,         10,          3, 	      22867
iid:   345,          2,          4, 	      22471
iid:   346,         24,          4, 	      20140
iid:   347,          4,          7, 	      20025
iid:   348,          7,          3, 	      21213
iid:   349,          2,          4, 	      20809
iid:   350,         11,          4, 	      23443
iid:   351,          4,          4, 	      23093
iid:   352,          2,          6, 	      22094
iid:   353,          4,          4, 	      18095
iid:   354,         25,          5, 	      24646
iid:   355,          4,          6, 	      23688
iid:   356,          4,          4, 	      17049
iid:   357,          7,          4, 	      25364
iid:   358,          7,          6, 	      22418
iid:   359,          2,          4, 	      21272
iid:   360,         14,          4, 	      18446
iid:   361,         11,          7, 	      21861
iid:   362,         10,          3, 	      21748
iid:   363,          2,          4, 	      21558
iid:   364,         11,          4, 	      21263
iid:   365,          4,          4, 	      21205
iid:   366,          2,          6, 	      20770
iid:   367,         12,          4, 	      22188
iid:   368,         11,          3, 	      22735
iid:   369,          2,          5, 	      22410
iid:   370,          4,          5, 	      19344
iid:   371,         19,          4, 	      23315
iid:   372,          4,          6, 	      22893
iid:   373,          4,          4, 	      21814
iid:   374,          6,          5, 	      18053
iid:   375,         15,          5, 	      22910
iid:   376,          5,          5, 	      22345
iid:   377,          9,          4, 	      18616
iid:   378,         19,          7, 	      22808
iid:   379,          4,          3, 	      21628
iid:   380,          2,          5, 	      20999
iid:   381,         15,          4, 	      22661
iid:   382,          4,          7, 	      22565
iid:   383,          8,          5, 	      21902
iid:   384,          7,          4, 	      23440
iid:   385,          4,          3, 	      23256
iid:   386,          2,          6, 	      22826
iid:   387,          5,          4, 	      18807
iid:   388,         24,          6, 	      20834
iid:   389,          4,          4, 	      20767
iid:   390,          5,          5, 	      22390
iid:   391,         12,          4, 	      21807
iid:   392,          4,          6, 	      21669
iid:   393,          2,          4, 	      20261
iid:   394,         26,          4, 	      20720
iid:   395,          4,          4, 	      21498
iid:   396,          2,          5, 	      20616
iid:   397,          4,          5, 	      22219
iid:   398,          5,          4, 	      20782
iid:   399,         17,          6, 	      24676
iid:   400,          4,          4, 	      22601
iid:   401,         18,          4, 	      23341
iid:   402,          4,          3, 	      22780
iid:   403,          2,          6, 	      22459
iid:   404,          4,          6, 	      18675
iid:   405,         16,          4, 	      18478
iid:   406,          9,          6, 	      20309
iid:   407,          5,          3, 	      21261
iid:   408,          2,          6, 	      20764
iid:   409,         15,          5, 	      21498
iid:   410,         13,          4, 	      21978
iid:   411,          8,          5, 	      19542
iid:   412,          4,          4, 	      19587
iid:   413,          5,          3, 	      19839
iid:   414,          2,          7, 	      19432
iid:   415,         18,          4, 	      25938
iid:   416,          4,          4, 	      20613
iid:   417,          5,          4, 	      22770
iid:   418,          2,          6, 	      22421
iid:   419,         19,          4, 	      20326
iid:   420,          9,          6, 	      25611
iid:   421,         12,          4, 	      20390
iid:   422,          4,          6, 	      20573
iid:   423,          4,          3, 	      19721
iid:   424,          2,          5, 	      19269
iid:   425,         22,          4, 	      24855
iid:   426,          7,          6, 	      24440
iid:   427,          4,          4, 	      20097
iid:   428,         10,          4, 	      22838
iid:   429,          4,          6, 	      22636
iid:   430,          6,          5, 	      20140
iid:   431,         11,          4, 	      19695
iid:   432,          9,          6, 	      20643
iid:   433,          4,          3, 	      20823
iid:   434,          2,          5, 	      20267
iid:   435,         27,          6, 	      25630
iid:   436,          4,          5, 	      24695
iid:   437,          6,          5, 	      16825
iid:   438,         10,          5, 	      24116
iid:   439,          4,          3, 	      23360
iid:   440,          2,          5, 	      22919
iid:   441,          8,          4, 	      19317
iid:   442,         20,          4, 	      26678
iid:   443,          9,          6, 	      24368
iid:   444,          4,          5, 	      23083
iid:   445,          5,          4, 	      17953
iid:   446,          7,          7, 	      21157
iid:   447,         10,          6, 	      21191
iid:   448,         14,          4, 	      19816
iid:   449,         50,          9, 	      79045
iid:   450,          5,          4, 	      80705
iid:   451,          2,          3, 	      80148
iid:   452,          2,          5, 	      79701
iid:   453,          2,          3, 	      73572
iid:   454,          2,          4, 	      72841
iid:   455,          2,          4, 	      65512
iid:   456,          2,          4, 	      64024
iid:   457,          7,          4, 	      78790
iid:   458,          5,          6, 	      79758
iid:   459,          4,          4, 	      28055
iid:   460,         15,          3, 	      30821
iid:   461,          2,          4, 	      30335
iid:   462,          4,          5, 	      34207
iid:   463,          2,          3, 	      33413
iid:   464,          2,          4, 	      33028
iid:   465,          8,          3, 	      40056
iid:   466,          2,          4, 	      39599
iid:   467,          4,          5, 	      39139
iid:   468,          6,          5, 	      45679
iid:   469,          4,          6, 	      38930
iid:   470,         10,          4, 	      25589
iid:   471,          9,          4, 	      34884
iid:   472,          5,          3, 	      36791
iid:   473,          2,          5, 	      36507
iid:   474,          2,          4, 	      36059
iid:   475,          4,          6, 	      31231
iid:   476,          7,          3, 	      31252
iid:   477,          2,          4, 	      30885
iid:   478,          6,          4, 	      30817
iid:   479,          5,          5, 	      34912
iid:   480,          4,          6, 	      30451
iid:   481,         14,          4, 	      31995
iid:   482,          6,          3, 	      30752
iid:   483,          2,          5, 	      30325
iid:   484,          5,          6, 	      30586
iid:   485,          7,          3, 	      31513
iid:   486,          2,          3, 	      31210
iid:   487,          2,          6, 	      30741
iid:   488,          4,          5, 	      26873
iid:   489,          7,          4, 	      33466
iid:   490,          4,          5, 	      31710
iid:   491,          9,          6, 	      28260
iid:   492,          4,          4, 	      25571
iid:   493,         10,          6, 	      29205
iid:   494,          4,          4, 	      30447
iid:   495,          9,          4, 	      28681
iid:   496,          4,          4, 	      30922
iid:   497,          2,          3, 	      30644
iid:   498,          3,          5, 	      30408
iid:   499,          6,          5, 	      31130
iid:   500,          4,          4, 	      30696
iid:   501,          6,          6, 	      28088
iid:   502,          6,          5, 	      27894
iid:   503,          5,          3, 	      30490
iid:   504,          2,          6, 	      26962
iid:   505,         13,          4, 	      30895
iid:   506,          6,          6, 	      28323
iid:   507,          5,          3, 	      30233
iid:   508,          2,          5, 	      29785
iid:   509,          5,          5, 	      30363
iid:   510,          4,          4, 	      28530
iid:   511,          6,          5, 	      30406
iid:   512,          6,          4, 	      29958
iid:   513,          7,          4, 	      30039
iid:   514,          6,          6, 	      32439
iid:   515,          7,          6, 	      28524
iid:   516,          4,          4, 	      28172
iid:   517,          9,          6, 	      27572
iid:   518,          5,          5, 	      29421
iid:   519,          8,          5, 	      32293
iid:   520,          6,          3, 	      31651
iid:   521,          2,          5, 	      31537
iid:   522,          4,          5, 	      27823
iid:   523,          8,          5, 	      31858
iid:   524,          4,          5, 	      27796
iid:   525,          8,          5, 	      30359
iid:   526,          4,          3, 	      31819
iid:   527,          2,          5, 	      29480
iid:   528,          5,          7, 	      27973
iid:   529,         12,          4, 	      25524
iid:   530,          6,          4, 	      30108
iid:   531,          6,          4, 	      33710
iid:   532,          2,          6, 	      32975
iid:   533,          5,          3, 	      28734
iid:   534,          2,          4, 	      28186
iid:   535,          4,          6, 	      27436
iid:   536,          8,          4, 	      28670
iid:   537,          5,          4, 	      28687
iid:   538,          5,          5, 	      31333
iid:   539,          9,          6, 	      25597
iid:   540,          4,          5, 	      26407
iid:   541,          9,          5, 	      28083
iid:   542,          2,          4, 	      27567
iid:   543,         10,          5, 	      28891
iid:   544,          5,          3, 	      32065
iid:   545,          2,          5, 	      31751
iid:   546,          6,          5, 	      30576
iid:   547,          4,          5, 	      29846
iid:   548,          4,          5, 	      27403
iid:   549,          8,          4, 	      31185
iid:   550,          4,          5, 	      28620
iid:   551,          5,          4, 	      27005
iid:   552,          9,          6, 	      27098
iid:   553,          9,          6, 	      29809
iid:   554,          4,          3, 	      27956
iid:   555,          2,          5, 	      27608
iid:   556,          9,          6, 	      28695
iid:   557,          6,          3, 	      30566
iid:   558,          2,          4, 	      30314
iid:   559,          6,          5, 	      29818
iid:   560,          4,          5, 	      29611
iid:   561,          7,          4, 	      29281
iid:   562,          4,          6, 	      28389
iid:   563,          5,          4, 	      26585
iid:   564,          9,          4, 	      27841
iid:   565,          4,          6, 	      30034
iid:   566,          9,          4, 	      29386
iid:   567,          7,          5, 	      28784
iid:   568,          2,          6, 	      27844
iid:   569,          6,          4, 	      27181
iid:   570,          6,          6, 	      29670
iid:   571,          6,          3, 	      28478
iid:   572,          2,          5, 	      28099
iid:   573,          6,          5, 	      28466
iid:   574,          7,          4, 	      30347
iid:   575,          4,          6, 	      26741
iid:   576,          8,          4, 	      26942
iid:   577,          4,          5, 	      27722
iid:   578,          7,          5, 	      28633
iid:   579,          7,          5, 	      29509
iid:   580,          4,          4, 	      27576
iid:   581,          7,          5, 	      29712
iid:   582,          6,          6, 	      30142
iid:   583,          6,          4, 	      29942
iid:   584,          4,          5, 	      26221
iid:   585,          7,          4, 	      29958
iid:   586,          5,          6, 	      28066
iid:   587,          7,          6, 	      29317
iid:   588,          4,          4, 	      26086
iid:   589,          7,          4, 	      25719
iid:   590,          7,          7, 	      27970
iid:   591,          8,          5, 	      26616
iid:   592,          5,          3, 	      31218
iid:   593,          2,          5, 	      27969
iid:   594,         10,          5, 	      31249
iid:   595,          4,          6, 	      28634
iid:   596,          8,          5, 	      33547
iid:   597,          4,          3, 	      32207
iid:   598,          2,          4, 	      31778
iid:   599,          2,          5, 	      26830
iid:   600,          8,          4, 	      29541
iid:   601,          4,          8, 	      26690
iid:   602,          9,          4, 	      30274
iid:   603,         10,          3, 	      30353
iid:   604,          2,          4, 	      29966
iid:   605,          4,          6, 	      30163
iid:   606,          7,          4, 	      31701
iid:   607,          5,          5, 	      29849
iid:   608,          2,          3, 	      29299
iid:   609,          2,          4, 	      28838
iid:   610,          6,          4, 	      32224
iid:   611,          5,          5, 	      32073
iid:   612,          9,          6, 	      29225
iid:   613,          4,          4, 	      26828
iid:   614,          9,          3, 	      29563
iid:   615,          2,          6, 	      29021
iid:   616,          6,          4, 	      28792
iid:   617,          7,          4, 	      29243
iid:   618,          5,          5, 	      31458
iid:   619,          2,          4, 	      30327
iid:   620,          5,          5, 	      30293
iid:   621,          4,          4, 	      28860
iid:   622,          6,          6, 	      27125
iid:   623,          7,          5, 	      26350
iid:   624,          6,          4, 	      27252
iid:   625,          4,          4, 	      28828
iid:   626,         10,          6, 	      26900
iid:   627,          7,          4, 	      29175
iid:   628,          7,          7, 	      29385
iid:   629,          6,          5, 	      31448
iid:   630,          5,          5, 	      30012
iid:   631,          7,          3, 	      32092
iid:   632,          2,          5, 	      31630
iid:   633,          4,          6, 	      28126
iid:   634,          8,          4, 	      30656
iid:   635,          4,          3, 	      28063
iid:   636,          3,          6, 	      27547
iid:   637,          7,          5, 	      28891
iid:   638,          5,          5, 	      27121
iid:   639,          9,          5, 	      28344
iid:   640,          4,          5, 	      26896
iid:   641,          5,          4, 	      27560
iid:   642,          8,          5, 	      31582
iid:   643,          4,          5, 	      29282
iid:   644,          8,          4, 	      27055
iid:   645,          5,          5, 	      29447
iid:   646,          4,          5, 	      30160
iid:   647,          8,          5, 	      28822
iid:   648,          4,          5, 	      27738
iid:   649,          8,          5, 	      27427
iid:   650,          4,          6, 	      27546
iid:   651,          7,          4, 	      25883
iid:   652,          9,          5, 	      28895
iid:   653,          6,          5, 	      30721
iid:   654,          5,          5, 	      27114
iid:   655,          6,          6, 	      27748
iid:   656,          6,          5, 	      29494
iid:   657,          5,          5, 	      27443
iid:   658,          5,          5, 	      29042
iid:   659,          8,          4, 	      28959
iid:   660,          4,          6, 	      28537
iid:   661,          8,          6, 	      28153
iid:   662,          5,          5, 	      26809
iid:   663,          6,          5, 	      28085
iid:   664,          8,          3, 	      29799
iid:   665,          2,          6, 	      29336
iid:   666,          8,          4, 	      29059
iid:   667,          5,          6, 	      27796
iid:   668,          6,          5, 	      28981
iid:   669,          5,          4, 	      28571
iid:   670,          4,          5, 	      28500
iid:   671,          8,          4, 	      31407
iid:   672,          4,          6, 	      28616
iid:   673,          7,          4, 	      29801
iid:   674,          8,          5, 	      28666
iid:   675,          4,          6, 	      30238
iid:   676,          8,          4, 	      29939
iid:   677,          5,          6, 	      30478
iid:   678,          6,          6, 	      32261
iid:   679,          6,          4, 	      29717
iid:   680,          5,          4, 	      29799
iid:   681,          7,          5, 	      28794
iid:   682,          4,          6, 	      27821
iid:   683,         11,          4, 	      34162
iid:   684,          4,          4, 	      30308
iid:   685,          4,          6, 	      29818
iid:   686,          9,          5, 	      35618
iid:   687,          4,          7, 	      32820
iid:   688,          4,          6, 	      25528
iid:   689,          9,          3, 	      31590
iid:   690,          2,          4, 	      30342
iid:   691,          4,          4, 	      28824
iid:   692,         10,          7, 	      31544
iid:   693,          8,          3, 	      30206
iid:   694,          2,          6, 	      30006
iid:   695,          8,          5, 	      35021
iid:   696,          6,          5, 	      31003
iid:   697,          4,          3, 	      33132
iid:   698,          2,          5, 	      32871
iid:   699,          5,          4, 	      27548
iid:   700,          4,          5, 	      28378
iid:   701,          7,          4, 	      30864
iid:   702,          5,          5, 	      28369
iid:   703,          8,          5, 	      25784
iid:   704,          4,          5, 	      28654
iid:   705,          9,          5, 	      28002
iid:   706,          4,          6, 	      26564
iid:   707,         11,          3, 	      28681
iid:   708,          2,          4, 	      28154
iid:   709,          2,          6, 	      27309
iid:   710,          8,          4, 	      29580
iid:   711,          4,          5, 	      27968
iid:   712,          6,          5, 	      32043
iid:   713,          5,          4, 	      28997
iid:   714,          4,          6, 	      28224
iid:   715,          5,          4, 	      27809
iid:   716,          8,          5, 	      28018
iid:   717,         10,          4, 	      25839
iid:   718,          4,          5, 	      28447
iid:   719,          6,          5, 	      30404
iid:   720,          4,          5, 	      25906
iid:   721,          7,          6, 	      29938
iid:   722,          6,          4, 	      30655
iid:   723,          4,          6, 	      25985
iid:   724,          9,          4, 	      29667
iid:   725,          4,          4, 	      29383
iid:   726,          6,          6, 	      31188
iid:   727,          8,          6, 	      29691
iid:   728,          4,          5, 	      26953
iid:   729,          7,          4, 	      27003
iid:   730,          5,          5, 	      28895
iid:   731,          8,          5, 	      31141
iid:   732,          6,          6, 	      28776
iid:   733,          7,          4, 	      30279
iid:   734,          5,          5, 	      29049
iid:   735,          5,          6, 	      31104
iid:   736,          6,          4, 	      27860
iid:   737,          5,          4, 	      29205
iid:   738,          4,          6, 	      28592
iid:   739,          9,          5, 	      28434
iid:   740,          4,          5, 	      26080
iid:   741,          8,          6, 	      27997
iid:   742,          4,          5, 	      25939
iid:   743,          7,          5, 	      28286
iid:   744,          6,          5, 	      27462
iid:   745,          8,          6, 	      27770
iid:   746,          8,          3, 	      33260
iid:   747,          2,          5, 	      28870
iid:   748,          6,          5, 	      30062
iid:   749,          5,          5, 	      28764
iid:   750,          5,          5, 	      29411
iid:   751,          8,          5, 	      29854
iid:   752,          4,          5, 	      29029
iid:   753,          6,          5, 	      28216
iid:   754,          4,          4, 	      28176
iid:   755,          8,          6, 	      28114
iid:   756,          8,          6, 	      25883
iid:   757,          5,          4, 	      27766
iid:   758,          7,          4, 	      28960
iid:   759,          7,          6, 	      27756
iid:   760,          5,          5, 	      29499
iid:   761,          6,          3, 	      28541
iid:   762,          2,          5, 	      27990
iid:   763,          6,          5, 	      28307
iid:   764,          5,          5, 	      29952
iid:   765,          5,          4, 	      27743
iid:   766,          7,          7, 	      26642
iid:   767,          9,          5, 	      27919
iid:   768,          4,          3, 	      28695
iid:   769,          3,          5, 	      28182
iid:   770,          9,          4, 	      31123
iid:   771,          7,          5, 	      31397
iid:   772,          4,          7, 	      31039
iid:   773,          4,          5, 	      27344
iid:   774,          6,          4, 	      28911
iid:   775,          6,          4, 	      29307
iid:   776,          5,          6, 	      29828
iid:   777,          8,          5, 	      27204
iid:   778,          4,          4, 	      25869
iid:   779,          9,          6, 	      29856
iid:   780,          4,          5, 	      26930
iid:   781,          8,          5, 	      26567
iid:   782,          7,          5, 	      29385
iid:   783,          6,          4, 	      29843
iid:   784,          4,          6, 	      29929
iid:   785,          6,          4, 	      29901
iid:   786,          4,          5, 	      28984
iid:   787,          5,          6, 	      27535
iid:   788,         10,          4, 	      27045
iid:   789,          4,          4, 	      29263
iid:   790,          4,          6, 	      29455
iid:   791,          7,          5, 	      27958
iid:   792,          7,          7, 	      27903
iid:   793,          8,          4, 	      26123
iid:   794,          7,          5, 	      30972
iid:   795,          5,          4, 	      29161
iid:   796,          8,          3, 	      31051
iid:   797,          2,          8, 	      28198
iid:   798,          5,          5, 	      25893
iid:   799,          7,          5, 	      27892
iid:   800,          6,          3, 	      29466
iid:   801,          2,          5, 	      29004
iid:   802,          8,          4, 	      31974
iid:   803,          4,          6, 	      29380
iid:   804,          7,          5, 	      29611
iid:   805,          4,          5, 	      27214
iid:   806,          6,          4, 	      27044
iid:   807,          8,          4, 	      28232
iid:   808,          4,          6, 	      30759
iid:   809,          4,          4, 	      26503
iid:   810,         10,          6, 	      27753
iid:   811,          5,          4, 	      28386
iid:   812,          6,          5, 	      27933
iid:   813,          5,          5, 	      29003
iid:   814,          6,          5, 	      27252
iid:   815,          5,          5, 	      28848
iid:   816,          7,          5, 	      27931
iid:   817,          4,          5, 	      27513
iid:   818,          9,          5, 	      27537
iid:   819,          4,          6, 	      27015
iid:   820,          7,          4, 	      26223
iid:   821,          9,          5, 	      30429
iid:   822,          4,          6, 	      28887
iid:   823,          8,          4, 	      29983
iid:   824,          6,          5, 	      31030
iid:   825,          6,          6, 	      32983
iid:   826,          6,          5, 	      28827
iid:   827,          4,          6, 	      30178
iid:   828,          7,          4, 	      28521
iid:   829,          5,          4, 	      27900
iid:   830,          5,          6, 	      29558
iid:   831,          8,          5, 	      26352
iid:   832,          5,          5, 	      27673
iid:   833,          4,          5, 	      25996
iid:   834,          9,          6, 	      27594
iid:   835,          5,          4, 	      27837
iid:   836,          7,          5, 	      27712
iid:   837,          7,          6, 	      30422
iid:   838,          4,          5, 	      29635
iid:   839,          8,          3, 	      29462
iid:   840,          2,          5, 	      28930
iid:   841,          7,          6, 	      29500
iid:   842,          6,          3, 	      29025
iid:   843,          2,          5, 	      28545
iid:   844,          7,          5, 	      29205
iid:   845,          4,          5, 	      26424
iid:   846,          8,          5, 	      28892
iid:   847,          5,          5, 	      29640
iid:   848,          9,          4, 	      31558
iid:   849,          4,          4, 	      30894
iid:   850,          2,          5, 	      29521
iid:   851,          9,          4, 	      30743
iid:   852,          6,          5, 	      31260
iid:   853,          5,          6, 	      33228
iid:   854,          4,          4, 	      27066
iid:   855,          5,          6, 	      31313
iid:   856,          5,          4, 	      28482
iid:   857,          7,          6, 	      26001
iid:   858,          9,          5, 	      30040
iid:   859,          4,          3, 	      27452
iid:   860,          2,          5, 	      27088
iid:   861,         10,          6, 	      30150
iid:   862,          4,          6, 	      26883
iid:   863,          8,          3, 	      28390
iid:   864,          2,          5, 	      28009
iid:   865,          5,          4, 	      28256
iid:   866,          4,          4, 	      29152
iid:   867,          8,          6, 	      28676
iid:   868,          7,          4, 	      25986
iid:   869,          7,          6, 	      29596
iid:   870,          5,          4, 	      31533
iid:   871,          6,          5, 	      28326
iid:   872,          4,          5, 	      29045
iid:   873,          7,          4, 	      28350
iid:   874,          5,          6, 	      29918
iid:   875,          7,          4, 	      30042
iid:   876,          6,          4, 	      28323
iid:   877,          4,          6, 	      28679
iid:   878,          9,          5, 	      27846
iid:   879,          4,          6, 	      27380
iid:   880,          8,          4, 	      29467
iid:   881,          8,          4, 	      31069
iid:   882,          2,          7, 	      30241
iid:   883,          7,          5, 	      26602
iid:   884,          5,          3, 	      29321
iid:   885,          2,          5, 	      28963
iid:   886,          7,          5, 	      29157
iid:   887,          5,          5, 	      28097
iid:   888,          5,          4, 	      27427
iid:   889,          4,          5, 	      27454
iid:   890,          8,          6, 	      28929
iid:   891,          7,          5, 	      26217
iid:   892,          4,          3, 	      28049
iid:   893,          2,          6, 	      27662
iid:   894,         17,          4, 	      45337
iid:   895,          4,          3, 	      46338
iid:   896,          2,          5, 	      46042
iid:   897,          4,          4, 	      50735
iid:   898,          2,          4, 	      43817
iid:   899,          2,          3, 	      43015
iid:   900,          2,          5, 	      39407
iid:   901,          2,          4, 	      33350
iid:   902,          4,          4, 	      30031
iid:   903,         11,          5, 	      44484
iid:   904,          5,          8, 	      27379
iid:   905,          5,          4, 	      27016
iid:   906,         13,          4, 	      35501
iid:   907,          5,          3, 	      31131
iid:   908,          2,          4, 	      30620
iid:   909,          5,          3, 	      32416
iid:   910,          2,          3, 	      31936
iid:   911,          2,          4, 	      31508
iid:   912,          2,          5, 	      30426
iid:   913,          5,          4, 	      29360
iid:   914,          7,          5, 	      35427
iid:   915,          4,          5, 	      26973
iid:   916,          6,          6, 	      26998
iid:   917,         11,          5, 	      27398
iid:   918,         10,          4, 	      38227
iid:   919,          5,          3, 	      34398
iid:   920,          2,          4, 	      33929
iid:   921,          2,          3, 	      33099
iid:   922,          2,          5, 	      32708
iid:   923,          6,          3, 	      34812
iid:   924,          2,          5, 	      34397
iid:   925,          4,          4, 	      33153
iid:   926,          4,          5, 	      28041
iid:   927,          6,          6, 	      33928
iid:   928,         11,          4, 	      26712
iid:   929,         10,          4, 	      32088
iid:   930,          6,          3, 	      34115
iid:   931,          2,          7, 	      33689
iid:   932,          2,          4, 	      32274
iid:   933,          5,          4, 	      29315
iid:   934,          4,          5, 	      29109
iid:   935,          6,          3, 	      34676
iid:   936,          2,          4, 	      34216
iid:   937,          4,          5, 	      30535
iid:   938,          5,          6, 	      32978
iid:   939,         13,          4, 	      31886
iid:   940,          4,          4, 	      30327
iid:   941,          8,          4, 	      32998
iid:   942,          2,          7, 	      32655
iid:   943,          5,          3, 	      31461
iid:   944,          2,          4, 	      30985
iid:   945,          6,          5, 	      29923
iid:   946,          7,          3, 	      32262
iid:   947,          2,          4, 	      31801
iid:   948,          4,          6, 	      29561
iid:   949,          7,          5, 	      28027
iid:   950,          6,          4, 	      26736
iid:   951,          6,          5, 	      27325
iid:   952,          6,          4, 	      29967
iid:   953,          6,          5, 	      27873
iid:   954,          7,          5, 	      30408
iid:   955,          5,          5, 	      30396
iid:   956,          9,          3, 	      30516
iid:   957,          2,          4, 	      28659
iid:   958,          4,          6, 	      28826
iid:   959,          8,          4, 	      28282
iid:   960,          4,          7, 	      27485
iid:   961,          6,          5, 	      25612
iid:   962,          7,          5, 	      27953
iid:   963,          4,          5, 	      28690
iid:   964,          5,          4, 	      26756
iid:   965,          8,          6, 	      28815
iid:   966,          8,          6, 	      26125
iid:   967,          8,          4, 	      30964
iid:   968,          4,          5, 	      32306
iid:   969,          4,          4, 	      28110
iid:   970,          4,          5, 	      29765
iid:   971,          8,          5, 	      37576
iid:   972,          4,          6, 	      35262
iid:   973,         10,          4, 	      37354
iid:   974,          4,          6, 	      37081
iid:   975,          4,          4, 	      33293
iid:   976,          9,          7, 	      35527
iid:   977,          9,          6, 	      30528
iid:   978,          7,          3, 	      33077
iid:   979,          2,          4, 	      32737
iid:   980,          8,          4, 	      38222
iid:   981,          4,          3, 	      32359
iid:   982,          2,          6, 	      31966
iid:   983,          4,          4, 	      29182
iid:   984,          7,          6, 	      35571
iid:   985,          4,          5, 	      30761
iid:   986,          4,          5, 	      28697
iid:   987,          8,          5, 	      28998
iid:   988,          6,          6, 	      26673
iid:   989,          4,          5, 	      27913
iid:   990,         10,          6, 	      26365
iid:   991,         10,          3, 	      30432
iid:   992,          2,          5, 	      30139
iid:   993,          6,          4, 	      34115
iid:   994,          5,          5, 	      27375
iid:   995,          6,          4, 	      32414
iid:   996,          4,          5, 	      31560
iid:   997,          5,          5, 	      29743
iid:   998,          5,          4, 	      31804
iid:   999,          5,          5, 	      28988
iid:  1000,          6,          5, 	      28235
iid:  1001,          9,          5, 	      26314
iid:  1002,          4,          7, 	      27710
iid:  1003,         10,          4, 	      28422
iid:  1004,          6,          5, 	      30697
iid:  1005,          6,          4, 	      28597
iid:  1006,          5,          6, 	      29706
iid:  1007,          8,          5, 	      33107
iid:  1008,          4,          4, 	      29264
iid:  1009,          5,          5, 	      30616
iid:  1010,          8,          5, 	      33246
iid:  1011,          4,          5, 	      28709
iid:  1012,          4,          6, 	      27840
iid:  1013,          9,          4, 	      30291
iid:  1014,          4,          6, 	      27584
iid:  1015,          7,          6, 	      27021
iid:  1016,          7,          5, 	      28290
iid:  1017,          5,          6, 	      27583
iid:  1018,          8,          3, 	      29136
iid:  1019,          2,          5, 	      28805
iid:  1020,          6,          6, 	      25956
iid:  1021,          7,          3, 	      28701
iid:  1022,          2,          5, 	      28339
iid:  1023,          8,          5, 	      28803
iid:  1024,          4,          3, 	      28823
iid:  1025,          2,          5, 	      28455
iid:  1026,          8,          5, 	      27341
iid:  1027,          5,          4, 	      26974
iid:  1028,          7,          3, 	      28969
iid:  1029,          2,          5, 	      28217
iid:  1030,          5,          5, 	      26304
iid:  1031,          7,          5, 	      26950
iid:  1032,          7,          5, 	      29051
iid:  1033,          5,          5, 	      26430
iid:  1034,          5,          4, 	      27171
iid:  1035,          9,          5, 	      30072
iid:  1036,          5,          5, 	      30103
iid:  1037,          6,          6, 	      27518
iid:  1038,          6,          4, 	      28273
iid:  1039,          6,          5, 	      28941
iid:  1040,          6,          5, 	      30467
iid:  1041,          4,          5, 	      27449
iid:  1042,          7,          5, 	      27813
iid:  1043,          5,          5, 	      27176
iid:  1044,          7,          5, 	      28970
iid:  1045,          4,          5, 	      26766
iid:  1046,          7,          4, 	      26941
iid:  1047,          6,          6, 	      28123
iid:  1048,          8,          6, 	      26590
iid:  1049,          7,          5, 	      32527
iid:  1050,          8,          3, 	      30830
iid:  1051,          2,          5, 	      30367
iid:  1052,          6,          6, 	      31012
iid:  1053,          6,          4, 	      27994
iid:  1054,          5,          4, 	      29265
iid:  1055,          4,          6, 	      30918
iid:  1056,          6,          5, 	      31604
iid:  1057,          4,          4, 	      28329
iid:  1058,          4,          6, 	      25583
iid:  1059,         11,          4, 	      26535
iid:  1060,          6,          5, 	      28030
iid:  1061,          7,          5, 	      29584
iid:  1062,          5,          6, 	      30495
iid:  1063,          4,          4, 	      26857
iid:  1064,          8,          6, 	      30821
iid:  1065,          5,          5, 	      30254
iid:  1066,          6,          5, 	      28707
iid:  1067,          9,          3, 	      31221
iid:  1068,          2,          4, 	      30806
iid:  1069,          5,          8, 	      32412
iid:  1070,          8,          4, 	      30454
iid:  1071,          2,          4, 	      29708
iid:  1072,          8,          6, 	      26866
iid:  1073,          4,          5, 	      28376
iid:  1074,          8,          4, 	      27400
iid:  1075,          5,          4, 	      28933
iid:  1076,          2,          5, 	      28300
iid:  1077,          6,          4, 	      26437
iid:  1078,          7,          4, 	      27751
iid:  1079,          5,          6, 	      28902
iid:  1080,          7,          4, 	      27184
iid:  1081,          4,          5, 	      28983
iid:  1082,          7,          4, 	      30969
iid:  1083,          6,          6, 	      28247
iid:  1084,          5,          4, 	      26745
iid:  1085,          7,          5, 	      28107
iid:  1086,          6,          5, 	      31108
iid:  1087,          4,          5, 	      27952
iid:  1088,          7,          5, 	      28034
iid:  1089,          5,          5, 	      26749
iid:  1090,          8,          5, 	      28479
iid:  1091,          6,          6, 	      27166
iid:  1092,          5,          4, 	      26432
iid:  1093,         10,          4, 	      32560
iid:  1094,          7,          7, 	      35345
iid:  1095,          5,          5, 	      29623
iid:  1096,          6,          3, 	      32803
iid:  1097,          2,          6, 	      32296
iid:  1098,          4,          5, 	      27105
iid:  1099,          6,          5, 	      30739
iid:  1100,          5,          4, 	      26666
iid:  1101,          7,          5, 	      31087
iid:  1102,          4,          6, 	      26358
iid:  1103,          7,          5, 	      27845
iid:  1104,          8,          6, 	      26906
iid:  1105,          9,          4, 	      29826
iid:  1106,          6,          5, 	      30619
iid:  1107,          6,          5, 	      32084
iid:  1108,          5,          4, 	      32910
iid:  1109,          6,          4, 	      31940
iid:  1110,          2,          5, 	      31203
iid:  1111,          4,          3, 	      28055
iid:  1112,          2,          6, 	      27521
iid:  1113,          8,          4, 	      29016
iid:  1114,          4,          5, 	      28615
iid:  1115,          9,          7, 	      27691
iid:  1116,          4,          5, 	      28169
iid:  1117,          8,          4, 	      28753
iid:  1118,          6,          5, 	      31097
iid:  1119,         10,          5, 	      28069
iid:  1120,          4,          5, 	      30198
iid:  1121,          5,          3, 	      31508
iid:  1122,          2,          4, 	      27972
iid:  1123,          5,          4, 	      28943
iid:  1124,          2,          5, 	      28103
iid:  1125,          7,          6, 	      28143
iid:  1126,          7,          5, 	      28578
iid:  1127,          6,          4, 	      27524
iid:  1128,          7,          6, 	      28972
iid:  1129,          4,          5, 	      28339
iid:  1130,          4,          5, 	      25966
iid:  1131,         10,          5, 	      26239
iid:  1132,          8,          5, 	      31490
iid:  1133,          5,          4, 	      29612
iid:  1134,          5,          3, 	      30882
iid:  1135,          2,          5, 	      30454
iid:  1136,          8,          5, 	      32418
iid:  1137,          4,          6, 	      31500
iid:  1138,          6,          4, 	      28890
iid:  1139,          6,          3, 	      29276
iid:  1140,          2,          5, 	      28822
iid:  1141,          4,          5, 	      26702
iid:  1142,          9,          6, 	      28535
iid:  1143,         10,          4, 	      26225
iid:  1144,          4,          6, 	      29382
iid:  1145,          5,          5, 	      31790
iid:  1146,          4,          5, 	      26487
iid:  1147,          9,          4, 	      29226
iid:  1148,          2,          4, 	      28052
iid:  1149,          6,          5, 	      26231
iid:  1150,          8,          4, 	      28822
iid:  1151,          4,          5, 	      30252
iid:  1152,          7,          6, 	      31302
iid:  1153,          5,          6, 	      27952
iid:  1154,          5,          4, 	      27281
iid:  1155,          8,          5, 	      27498
iid:  1156,          5,          5, 	      29615
iid:  1157,          6,          4, 	      26812
iid:  1158,          6,          5, 	      29172
iid:  1159,          5,          5, 	      32034
iid:  1160,          4,          5, 	      26919
iid:  1161,          9,          6, 	      31721
iid:  1162,          8,          5, 	      30055
iid:  1163,          4,          4, 	      29297
iid:  1164,          7,          6, 	      29917
iid:  1165,          5,          4, 	      26861
iid:  1166,          6,          3, 	      29595
iid:  1167,          2,          6, 	      29154
iid:  1168,          7,          5, 	      29370
iid:  1169,          6,          5, 	      27704
iid:  1170,          4,          5, 	      26990
iid:  1171,          9,          5, 	      29852
iid:  1172,          4,          6, 	      27185
iid:  1173,          7,          4, 	      27444
iid:  1174,          7,          5, 	      29298
iid:  1175,          4,          5, 	      28654
iid:  1176,          9,          3, 	      29019
iid:  1177,          2,          6, 	      28595
iid:  1178,          4,          4, 	      29159
iid:  1179,          9,          6, 	      26410
iid:  1180,          5,          6, 	      29393
iid:  1181,          6,          4, 	      26815
iid:  1182,          8,          6, 	      30351
iid:  1183,          6,          4, 	      28076
iid:  1184,          4,          5, 	      28323
iid:  1185,          8,          3, 	      32404
iid:  1186,          2,          5, 	      28999
iid:  1187,          5,          5, 	      30006
iid:  1188,          8,          5, 	      32719
iid:  1189,          4,          4, 	      28670
iid:  1190,          4,          6, 	      28063
iid:  1191,          8,          5, 	      29234
iid:  1192,          4,          5, 	      27171
iid:  1193,          8,          5, 	      26039
iid:  1194,          6,          5, 	      28349
iid:  1195,          9,          6, 	      29061
iid:  1196,          4,          3, 	      30636
iid:  1197,          2,          5, 	      30269
iid:  1198,          9,          4, 	      29734
iid:  1199,          4,          5, 	      28325
iid:  1200,          6,          5, 	      32931
iid:  1201,          4,          4, 	      29073
iid:  1202,          5,          6, 	      30357
iid:  1203,          4,          4, 	      28422
iid:  1204,          9,          6, 	      30089
iid:  1205,          7,          4, 	      29644
iid:  1206,          8,          5, 	      29688
iid:  1207,          7,          7, 	      32256
iid:  1208,          4,          4, 	      26147
iid:  1209,          5,          6, 	      30506
iid:  1210,          7,          5, 	      31430
iid:  1211,          5,          5, 	      26694
iid:  1212,          8,          4, 	      26535
iid:  1213,          4,          4, 	      29464
iid:  1214,          4,          6, 	      29840
iid:  1215,         10,          6, 	      29474
iid:  1216,          4,          4, 	      27646
iid:  1217,          7,          5, 	      28439
iid:  1218,          6,          5, 	      29255
iid:  1219,          6,          6, 	      30149
iid:  1220,          7,          3, 	      28179
iid:  1221,          2,          5, 	      27704
iid:  1222,          5,          5, 	      28012
iid:  1223,          7,          4, 	      26475
iid:  1224,          4,          6, 	      27464
iid:  1225,          6,          5, 	      25934
iid:  1226,          7,          6, 	      28509
iid:  1227,          9,          4, 	      26817
iid:  1228,          6,          5, 	      29953
iid:  1229,          4,          5, 	      32459
iid:  1230,          8,          4, 	      28877
iid:  1231,          4,          6, 	      29045
iid:  1232,          8,          5, 	      31581
iid:  1233,          6,          3, 	      32279
iid:  1234,          2,          5, 	      31898
iid:  1235,          8,          3, 	      34766
iid:  1236,          2,          6, 	      30345
iid:  1237,          4,          6, 	      26322
iid:  1238,          8,          5, 	      29463
iid:  1239,          4,          5, 	      26828
iid:  1240,          9,          5, 	      28798
iid:  1241,          4,          5, 	      27558
iid:  1242,          5,          4, 	      28205
iid:  1243,          8,          6, 	      28841
iid:  1244,          4,          4, 	      29046
iid:  1245,          8,          6, 	      27401
iid:  1246,          4,          4, 	      27354
iid:  1247,          7,          4, 	      31574
iid:  1248,          4,          6, 	      26994
iid:  1249,          8,          4, 	      31669
iid:  1250,          7,          5, 	      30119
iid:  1251,          4,          5, 	      31142
iid:  1252,          4,          5, 	      27580
iid:  1253,          8,          5, 	      27664
iid:  1254,          4,          6, 	      27775
iid:  1255,          9,          5, 	      27971
iid:  1256,          7,          4, 	      28944
iid:  1257,          6,          5, 	      29105
iid:  1258,          4,          5, 	      29464
iid:  1259,          6,          6, 	      26921
iid:  1260,          7,          5, 	      29871
iid:  1261,          7,          5, 	      27681
iid:  1262,          4,          4, 	      25867
iid:  1263,          8,          4, 	      30891
iid:  1264,          4,          7, 	      28280
iid:  1265,          8,          5, 	      29823
iid:  1266,          7,          6, 	      28863
iid:  1267,          8,          5, 	      28648
iid:  1268,          4,          3, 	      29397
iid:  1269,          2,          5, 	      28766
iid:  1270,          9,          5, 	      33528
iid:  1271,          4,          6, 	      27876
iid:  1272,          4,          5, 	      27344
iid:  1273,          7,          4, 	      27851
iid:  1274,          4,          5, 	      28875
iid:  1275,          4,          4, 	      26742
iid:  1276,         10,          6, 	      28476
iid:  1277,          8,          4, 	      26342
iid:  1278,          7,          6, 	      28908
iid:  1279,          4,          5, 	      30911
iid:  1280,          8,          3, 	      30455
iid:  1281,          2,          5, 	      30054
iid:  1282,          4,          6, 	      30380
iid:  1283,          5,          5, 	      28763
iid:  1284,          8,          4, 	      30335
iid:  1285,          4,          4, 	      29654
iid:  1286,          4,          6, 	      27486
iid:  1287,          7,          5, 	      29604
iid:  1288,          4,          4, 	      27115
iid:  1289,          6,          7, 	      27452
iid:  1290,         12,          4, 	      26121
iid:  1291,          9,          6, 	      30177
iid:  1292,          5,          5, 	      31737
iid:  1293,          2,          4, 	      31108
iid:  1294,          7,          4, 	      29637
iid:  1295,          4,          4, 	      29395
iid:  1296,          4,          7, 	      30954
iid:  1297,          6,          4, 	      27958
iid:  1298,          5,          4, 	      30901
iid:  1299,          4,          5, 	      30664
iid:  1300,          9,          6, 	      29242
iid:  1301,          8,          4, 	      30149
iid:  1302,          7,          5, 	      28985
iid:  1303,          2,          5, 	      27712
iid:  1304,          6,          5, 	      27385
iid:  1305,          7,          5, 	      30944
iid:  1306,          4,          5, 	      26515
iid:  1307,          6,          4, 	      30054
iid:  1308,          5,          5, 	      28929
iid:  1309,          6,          4, 	      30466
iid:  1310,          7,          6, 	      30593
iid:  1311,          6,          4, 	      30679
iid:  1312,          6,          4, 	      28044
iid:  1313,          2,          6, 	      27257
iid:  1314,          9,          4, 	      27286
iid:  1315,          6,          5, 	      30872
iid:  1316,          4,          6, 	      30270
iid:  1317,          7,          5, 	      31628
iid:  1318,          5,          3, 	      27838
iid:  1319,          2,          4, 	      27272
iid:  1320,          7,          7, 	      30417
iid:  1321,          7,          4, 	      26630
iid:  1322,          6,          3, 	      28262
iid:  1323,          2,          7, 	      27765
iid:  1324,          5,          6, 	      30700
iid:  1325,          9,          4, 	      26939
iid:  1326,          8,          4, 	      31112
iid:  1327,          7,          3, 	      33493
iid:  1328,          2,          4, 	      33032
iid:  1329,          2,          5, 	      32037
iid:  1330,          6,          5, 	      33551
iid:  1331,          5,          5, 	      26336
iid:  1332,          5,          3, 	      28081
iid:  1333,          2,          5, 	      27547
iid:  1334,          6,          4, 	      31278
iid:  1335,          4,          6, 	      28702
iid:  1336,         11,          4, 	      29151
iid:  1337,          5,          5, 	      29801
iid:  1338,          8,          3, 	      34273
iid:  1339,          2,          5, 	      33837
iid:  1340,          4,          5, 	      30020
iid:  1341,          8,          6, 	      32984
iid:  1342,          4,          3, 	      32105
iid:  1343,          2,          4, 	      31747
iid:  1344,          5,          4, 	      29009
iid:  1345,          4,          6, 	      29642
iid:  1346,          7,          4, 	      30719
iid:  1347,          4,          6, 	      30776
iid:  1348,         16,          4, 	      33606
iid:  1349,          7,          6, 	      35650
iid:  1350,          2,          6, 	      34624
iid:  1351,          6,          3, 	      30779
iid:  1352,          2,          4, 	      30391
iid:  1353,          4,          5, 	      30121
iid:  1354,          7,          3, 	      36375
iid:  1355,          2,          5, 	      36184
iid:  1356,          4,          4, 	      33040
iid:  1357,          4,          6, 	      30582
iid:  1358,          9,          4, 	      29951
iid:  1359,          4,          4, 	      26761
iid:  1360,          4,          6, 	      28060
iid:  1361,          9,          4, 	      26016
iid:  1362,          8,          7, 	      29568
iid:  1363,          4,          4, 	      29751
iid:  1364,         11,          4, 	      28524
iid:  1365,          5,          3, 	      30701
iid:  1366,          2,          6, 	      30643
iid:  1367,          6,          4, 	      34282
iid:  1368,          2,          4, 	      31613
iid:  1369,          4,          4, 	      26253
iid:  1370,          5,          5, 	      27205
iid:  1371,          7,          6, 	      30093
iid:  1372,          4,          4, 	      25683
iid:  1373,         10,          6, 	      30005
iid:  1374,          6,          4, 	      28912
iid:  1375,          9,          7, 	      28441
iid:  1376,          4,          5, 	      30367
iid:  1377,          7,          4, 	      27624
iid:  1378,          6,          5, 	      29819
iid:  1379,          6,          3, 	      33314
iid:  1380,          2,          6, 	      32886
iid:  1381,          7,          4, 	      30953
iid:  1382,          4,          4, 	      30478
iid:  1383,          4,          6, 	      27148
iid:  1384,          7,          5, 	      28240
iid:  1385,          5,          5, 	      25977
iid:  1386,          7,          4, 	      28920
iid:  1387,          7,          6, 	      26587
iid:  1388,          4,          4, 	      26427
iid:  1389,          6,          6, 	      27754
iid:  1390,         11,          5, 	      30318
iid:  1391,          4,          6, 	      26173
iid:  1392,          8,          4, 	      30967
iid:  1393,          5,          3, 	      33011
iid:  1394,          2,          6, 	      31709
iid:  1395,          4,          5, 	      27270
iid:  1396,          8,          4, 	      28605
iid:  1397,          5,          3, 	      28738
iid:  1398,          2,          6, 	      28460
iid:  1399,          8,          5, 	      26171
iid:  1400,          5,          4, 	      26612
iid:  1401,          4,          8, 	      28184
iid:  1402,         10,          4, 	      27460
iid:  1403,          7,          4, 	      29567
iid:  1404,          6,          3, 	      32000
iid:  1405,          2,          6, 	      31540
iid:  1406,          7,          6, 	      30976
iid:  1407,          6,          4, 	      30127
iid:  1408,          5,          3, 	      29463
iid:  1409,          2,          5, 	      29160
iid:  1410,          5,          5, 	      28272
iid:  1411,          5,          4, 	      30318
iid:  1412,          6,          6, 	      27700
iid:  1413,          9,          4, 	      29413
iid:  1414,          5,          5, 	      29863
iid:  1415,          5,          5, 	      32366
iid:  1416,          4,          6, 	      27349
iid:  1417,         11,          4, 	      29910
iid:  1418,          6,          3, 	      30152
iid:  1419,          2,          6, 	      29682
iid:  1420,          7,          4, 	      34130
iid:  1421,          4,          4, 	      27617
iid:  1422,          5,          5, 	      27904
iid:  1423,          6,          7, 	      27609
iid:  1424,          6,          4, 	      26262
iid:  1425,          6,          4, 	      27243
iid:  1426,          4,          5, 	      27241
iid:  1427,          8,          7, 	      27601
iid:  1428,          9,          6, 	      26429
iid:  1429,          6,          4, 	      29523
iid:  1430,          8,          5, 	      30494
iid:  1431,          5,          3, 	      31327
iid:  1432,          2,          5, 	      30640
iid:  1433,          7,          6, 	      30032
iid:  1434,          4,          4, 	      29077
iid:  1435,          4,          5, 	      28067
iid:  1436,          7,          4, 	      29079
iid:  1437,          4,          6, 	      27305
iid:  1438,          6,          4, 	      27656
iid:  1439,          8,          6, 	      26559
iid:  1440,          9,          6, 	      27457
iid:  1441,          4,          3, 	      27882
iid:  1442,          2,          6, 	      27371
iid:  1443,          9,          4, 	      27762
iid:  1444,          4,          5, 	      28955
iid:  1445,          7,          3, 	      27316
iid:  1446,          2,          5, 	      27170
iid:  1447,          5,          5, 	      27731
iid:  1448,          5,          5, 	      33270
iid:  1449,          4,          5, 	      32013
iid:  1450,         10,          4, 	      32927
iid:  1451,          5,          3, 	      36636
iid:  1452,          2,          8, 	      36025
iid:  1453,         14,          4, 	      26747
iid:  1454,          6,          4, 	      29512
iid:  1455,          4,          6, 	      31767
iid:  1456,          2,          3, 	      30888
iid:  1457,          2,          5, 	      30497
iid:  1458,          4,          4, 	      26460
iid:  1459,          7,          4, 	      32066
iid:  1460,          4,          5, 	      28720
iid:  1461,          8,          4, 	      27527
iid:  1462,          4,          6, 	      27792
iid:  1463,          5,          5, 	      25654
iid:  1464,          9,          5, 	      27360
iid:  1465,          9,          4, 	      27799
iid:  1466,          5,          5, 	      30185
iid:  1467,          3,          4, 	      29767
iid:  1468,          7,          5, 	      28670
iid:  1469,          5,          3, 	      30939
iid:  1470,          2,          5, 	      30559
iid:  1471,          6,          5, 	      30450
iid:  1472,          4,          5, 	      29354
iid:  1473,          8,          4, 	      30643
iid:  1474,          4,          6, 	      27838
iid:  1475,          6,          4, 	      28829
iid:  1476,          8,          3, 	      28625
iid:  1477,          2,          6, 	      28153
iid:  1478,          7,          6, 	      28437
iid:  1479,          8,          3, 	      28660
iid:  1480,          2,          4, 	      28257
iid:  1481,          6,          6, 	      29630
iid:  1482,          5,          5, 	      30630
iid:  1483,          7,          3, 	      29265
iid:  1484,          2,          6, 	      28941
iid:  1485,          6,          4, 	      25979
iid:  1486,          7,          5, 	      29673
iid:  1487,          5,          4, 	      29950
iid:  1488,          5,          5, 	      30541
iid:  1489,          5,          5, 	      25413
iid:  1490,          4,          6, 	      27048
iid:  1491,         11,          4, 	      30140
iid:  1492,          8,          3, 	      29433
iid:  1493,          2,          4, 	      29178
iid:  1494,          6,          6, 	      33964
iid:  1495,          4,          5, 	      28570
iid:  1496,          7,          5, 	      28338
iid:  1497,          4,          6, 	      28138
iid:  1498,          6,          4, 	      27106
iid:  1499,          7,          4, 	      29322
iid:  1500,          4,          5, 	      28755
iid:  1501,          5,          7, 	      28675
iid:  1502,         10,          4, 	      25625
iid:  1503,          8,          4, 	      29860
iid:  1504,          6,          4, 	      32129
iid:  1505,          2,          6, 	      31603
iid:  1506,          7,          6, 	      29720
iid:  1507,          4,          3, 	      27839
iid:  1508,          2,          4, 	      27406
iid:  1509,          7,          5, 	      29042
iid:  1510,          4,          4, 	      29231
iid:  1511,          5,          5, 	      28524
iid:  1512,          9,          6, 	      28674
iid:  1513,          4,          4, 	      26572
iid:  1514,         14,          6, 	      35340
iid:  1515,          4,          5, 	      34855
iid:  1516,          4,          5, 	      27278
iid:  1517,          7,          5, 	      33249
iid:  1518,          4,          4, 	      31246
iid:  1519,          2,          4, 	      30547
iid:  1520,          4,          5, 	      27692
iid:  1521,          7,          5, 	      37343
iid:  1522,          5,          4, 	      33383
iid:  1523,          4,          7, 	      30844
iid:  1524,          9,          6, 	      25565
iid:  1525,         10,          4, 	      29246
iid:  1526,          4,          5, 	      30624
iid:  1527,          9,          4, 	      29494
iid:  1528,          5,          3, 	      31688
iid:  1529,          2,          7, 	      31372
iid:  1530,          6,          4, 	      33882
iid:  1531,          6,          3, 	      32398
iid:  1532,          2,          3, 	      31961
iid:  1533,          2,          5, 	      30829
iid:  1534,          6,          6, 	      30766
iid:  1535,          5,          4, 	      25950
iid:  1536,          8,          6, 	      27369
iid:  1537,          6,          4, 	      29595
iid:  1538,          8,          5, 	      29028
iid:  1539,          2,          5, 	      28197
iid:  1540,          7,          4, 	      30102
iid:  1541,          7,          4, 	      31866
iid:  1542,          5,          4, 	      32066
iid:  1543,          2,          6, 	      31423
iid:  1544,          5,          4, 	      29659
iid:  1545,          7,          4, 	      29007
iid:  1546,          4,          6, 	      28468
iid:  1547,          5,          4, 	      29454
iid:  1548,          6,          3, 	      27514
iid:  1549,          2,          7, 	      26948
iid:  1550,         11,          5, 	      27014
iid:  1551,          8,          3, 	      32468
iid:  1552,          2,          5, 	      28963
iid:  1553,          2,          4, 	      27920
iid:  1554,          7,          5, 	      27337
iid:  1555,          5,          3, 	      28965
iid:  1556,          2,          5, 	      28472
iid:  1557,          6,          3, 	      27656
iid:  1558,          2,          4, 	      27243
iid:  1559,          4,          5, 	      28238
iid:  1560,          6,          6, 	      26071
iid:  1561,         11,          5, 	      28290
iid:  1562,          7,          4, 	      29604
iid:  1563,          4,          3, 	      30875
iid:  1564,          2,          5, 	      30733
iid:  1565,          8,          3, 	      31989
iid:  1566,          2,          6, 	      31342
iid:  1567,          4,          4, 	      26676
iid:  1568,          8,          5, 	      34229
iid:  1569,          4,          4, 	      31695
iid:  1570,          4,          5, 	      27600
iid:  1571,          8,          6, 	      27102
iid:  1572,          5,          4, 	      26134
iid:  1573,         10,          6, 	      29259
iid:  1574,          4,          4, 	      29515
iid:  1575,          9,          7, 	      29324
iid:  1576,          5,          3, 	      29838
iid:  1577,          2,          4, 	      29506
iid:  1578,          7,          5, 	      29938
iid:  1579,          4,          3, 	      30689
iid:  1580,          2,          4, 	      30185
iid:  1581,          5,          5, 	      28041
iid:  1582,          7,          6, 	      29552
iid:  1583,          6,          4, 	      26833
iid:  1584,          6,          6, 	      28902
iid:  1585,          7,          4, 	      28996
iid:  1586,          9,          4, 	      29574
iid:  1587,          2,          6, 	      28798
iid:  1588,          4,          4, 	      26112
iid:  1589,         10,          5, 	      28210
iid:  1590,          5,          3, 	      31352
iid:  1591,          2,          5, 	      31057
iid:  1592,          6,          6, 	      32271
iid:  1593,          4,          4, 	      29449
iid:  1594,          4,          5, 	      26118
iid:  1595,          9,          6, 	      30561
iid:  1596,          5,          4, 	      26279
iid:  1597,          9,          4, 	      28407
iid:  1598,          4,          6, 	      29693
iid:  1599,          5,          4, 	      28989
iid:  1600,          8,          7, 	      30135
iid:  1601,          4,          4, 	      29868
iid:  1602,          8,          4, 	      27080
iid:  1603,          6,          5, 	      29127
iid:  1604,          4,          5, 	      28749
iid:  1605,          6,          5, 	      27975
iid:  1606,          6,          6, 	      27397
iid:  1607,          5,          4, 	      26933
iid:  1608,          9,          3, 	      29998
iid:  1609,          2,          7, 	      27465
iid:  1610,          8,          4, 	      27236
iid:  1611,          6,          6, 	      29358
iid:  1612,          5,          6, 	      29262
iid:  1613,          6,          3, 	      28131
iid:  1614,          2,          4, 	      27791
iid:  1615,          7,          5, 	      29668
iid:  1616,          5,          5, 	      28746
iid:  1617,          5,          4, 	      28213
iid:  1618,          5,          4, 	      26189
iid:  1619,          8,          7, 	      30991
iid:  1620,          8,          4, 	      26348
iid:  1621,          4,          5, 	      28723
iid:  1622,          6,          4, 	      29185
iid:  1623,          6,          7, 	      28580
iid:  1624,          7,          5, 	      30140
iid:  1625,          5,          5, 	      27325
iid:  1626,          5,          4, 	      28709
iid:  1627,          7,          5, 	      28442
iid:  1628,          5,          5, 	      28480
iid:  1629,          8,          5, 	      29877
iid:  1630,          6,          6, 	      29843
iid:  1631,          5,          5, 	      26005
iid:  1632,          8,          4, 	      29250
iid:  1633,          5,          6, 	      31643
iid:  1634,          5,          4, 	      30449
iid:  1635,          7,          5, 	      29810
iid:  1636,          6,          6, 	      30489
iid:  1637,          6,          5, 	      28311
iid:  1638,          7,          4, 	      29831
iid:  1639,          4,          5, 	      29933
iid:  1640,          8,          5, 	      29986
iid:  1641,          4,          5, 	      27826
iid:  1642,          4,          5, 	      27002
iid:  1643,          9,          5, 	      27864
iid:  1644,          4,          6, 	      26857
iid:  1645,         11,          4, 	      27221
iid:  1646,          5,          6, 	      29760
iid:  1647,          6,          4, 	      29339
iid:  1648,          6,          4, 	      29676
iid:  1649,          2,          7, 	      28672
iid:  1650,          8,          5, 	      29371
iid:  1651,          6,          4, 	      29339
iid:  1652,          5,          5, 	      31386
iid:  1653,          4,          4, 	      26238
iid:  1654,          5,          6, 	      30155
iid:  1655,          5,          4, 	      28427
iid:  1656,          7,          6, 	      26975
iid:  1657,          9,          4, 	      29336
iid:  1658,          6,          5, 	      29588
iid:  1659,          6,          5, 	      31413
iid:  1660,          4,          6, 	      27952
iid:  1661,          8,          5, 	      30940
iid:  1662,          4,          4, 	      26565
iid:  1663,          5,          5, 	      28314
iid:  1664,          9,          5, 	      32413
iid:  1665,          4,          4, 	      29840
iid:  1666,          4,          6, 	      27582
iid:  1667,          8,          5, 	      28414
iid:  1668,          4,          5, 	      26409
iid:  1669,         10,          6, 	      28271
iid:  1670,          4,          5, 	      26984
iid:  1671,          6,          4, 	      26999
iid:  1672,          8,          6, 	      28537
iid:  1673,          5,          5, 	      30451
iid:  1674,          4,          4, 	      26279
iid:  1675,          7,          5, 	      28860
iid:  1676,          5,          5, 	      29607
iid:  1677,          8,          6, 	      27408
iid:  1678,          7,          4, 	      28063
iid:  1679,          6,          6, 	      27840
iid:  1680,          7,          5, 	      28804
iid:  1681,          4,          5, 	      29576
iid:  1682,          4,          5, 	      27013
iid:  1683,          9,          5, 	      30844
iid:  1684,          6,          6, 	      28846
iid:  1685,          6,          3, 	      28698
iid:  1686,          2,          5, 	      28282
iid:  1687,          7,          4, 	      30186
iid:  1688,          4,          6, 	      27910
iid:  1689,          8,          6, 	      27740
iid:  1690,          5,          4, 	      28013
iid:  1691,          8,          6, 	      27744
iid:  1692,          5,          4, 	      30246
iid:  1693,          4,          4, 	      26226
iid:  1694,          8,          7, 	      29239
iid:  1695,          8,          4, 	      28101
iid:  1696,          6,          5, 	      29548
iid:  1697,          6,          3, 	      32293
iid:  1698,          2,          5, 	      31712
iid:  1699,          6,          4, 	      28748
iid:  1700,          5,          7, 	      29178
iid:  1701,          7,          5, 	      30011
iid:  1702,          4,          3, 	      27674
iid:  1703,          3,          4, 	      27397
iid:  1704,          5,          5, 	      26152
iid:  1705,          9,          6, 	      28108
iid:  1706,          6,          7, 	      26535
iid:  1707,          8,          3, 	      27231
iid:  1708,          2,          4, 	      26723
iid:  1709,          6,          5, 	      27736
iid:  1710,          8,          5, 	      31150
iid:  1711,          4,          5, 	      28504
iid:  1712,          6,          3, 	      28798
iid:  1713,          2,          5, 	      28305
iid:  1714,          5,          5, 	      29050
iid:  1715,          8,          4, 	      31261
iid:  1716,          4,          5, 	      27629
iid:  1717,          9,          5, 	      28602
iid:  1718,          4,          6, 	      27482
iid:  1719,          5,          4, 	      26666
iid:  1720,          8,          3, 	      29175
iid:  1721,          2,          6, 	      29006
iid:  1722,          8,          6, 	      26762
iid:  1723,          7,          3, 	      29952
iid:  1724,          2,          4, 	      29445
iid:  1725,          5,          6, 	      28659
iid:  1726,          4,          4, 	      27947
iid:  1727,          8,          4, 	      28531
iid:  1728,          4,          6, 	      27826
iid:  1729,          6,          4, 	      28977
iid:  1730,          8,          4, 	      29464
iid:  1731,          4,          6, 	      30045
iid:  1732,          9,          4, 	      29141
iid:  1733,          6,          6, 	      28746
iid:  1734,          4,          4, 	      29134
iid:  1735,          5,          7, 	      25968
iid:  1736,          8,          5, 	      29155
iid:  1737,          5,          4, 	      25989
iid:  1738,          9,          4, 	      29492
iid:  1739,          4,          6, 	      29716
iid:  1740,          4,          5, 	      26808
iid:  1741,          8,          5, 	      29124
iid:  1742,          5,          6, 	      28857
iid:  1743,          8,          5, 	      29486
iid:  1744,          6,          4, 	      29138
iid:  1745,          4,          5, 	      29391
iid:  1746,          6,          5, 	      29962
iid:  1747,          6,          6, 	      27238
iid:  1748,          7,          4, 	      28708
iid:  1749,          4,          5, 	      28148
iid:  1750,          7,          5, 	      30399
iid:  1751,          5,          5, 	      29560
iid:  1752,          7,          4, 	      30346
iid:  1753,          4,          6, 	      27762
iid:  1754,          8,          6, 	      27531
iid:  1755,          7,          4, 	      28046
iid:  1756,          7,          6, 	      28206
iid:  1757,          6,          5, 	      28402
iid:  1758,          5,          3, 	      27938
iid:  1759,          2,          5, 	      27560
iid:  1760,          7,          6, 	      29091
iid:  1761,          4,          4, 	      26495
iid:  1762,         10,          5, 	      29285
iid:  1763,          4,          5, 	      28363
iid:  1764,          5,          5, 	      28022
iid:  1765,          4,          7, 	      27169
iid:  1766,         10,          4, 	      26035
iid:  1767,          7,          4, 	      29652
iid:  1768,          8,          5, 	      31861
iid:  1769,          2,          4, 	      30811
iid:  1770,          5,          6, 	      28981
iid:  1771,          4,          4, 	      27394
iid:  1772,          8,          6, 	      29373
iid:  1773,          4,          4, 	      28189
iid:  1774,          6,          5, 	      29979
iid:  1775,          4,          4, 	      29081
iid:  1776,          4,          6, 	      25295
iid:  1777,         12,          4, 	      29261
iid:  1778,          5,          6, 	      29697
iid:  1779,          8,          4, 	      32237
iid:  1780,          4,          6, 	      27316
iid:  1781,          4,          4, 	      27915
iid:  1782,          8,          6, 	      28408
iid:  1783,          4,          5, 	      27520
iid:  1784,          8,          3, 	      28328
iid:  1785,          2,          4, 	      27880
iid:  1786,          7,          6, 	      33718
iid:  1787,          4,          5, 	      27837
iid:  1788,          9,          6, 	      31739
iid:  1789,          4,          6, 	      28370
iid:  1790,          7,          3, 	      28064
iid:  1791,          2,          4, 	      27651
iid:  1792,          8,          4, 	      28902
iid:  1793,          4,          5, 	      28299
iid:  1794,          7,          7, 	      27011
iid:  1795,          5,          6, 	      27217
iid:  1796,          9,          4, 	      26194
iid:  1797,          5,          4, 	      29964
iid:  1798,          4,          5, 	      28849
iid:  1799,          4,          6, 	      28964
iid:  1800,         12,          4, 	      29414
iid:  1801,          6,          3, 	      31301
iid:  1802,          2,          5, 	      30659
iid:  1803,          7,          5, 	      30941
iid:  1804,          6,          5, 	      31303
iid:  1805,          4,          5, 	      30419
iid:  1806,          8,          5, 	      32474
iid:  1807,          4,          5, 	      29917
iid:  1808,          4,          4, 	      25753
iid:  1809,          9,          5, 	      33391
iid:  1810,          4,          6, 	      26755
iid:  1811,          9,          6, 	      26244
iid:  1812,          4,          3, 	      28106
iid:  1813,          2,          4, 	      27641
iid:  1814,          9,          6, 	      27967
iid:  1815,          4,          5, 	      28469
iid:  1816,         10,          4, 	      28728
iid:  1817,          6,          5, 	      33740
iid:  1818,          2,          4, 	      32522
iid:  1819,          4,          4, 	      27282
iid:  1820,          5,          7, 	      27221
iid:  1821,          9,          5, 	      36637
iid:  1822,          4,          4, 	      31850
iid:  1823,          4,          5, 	      32668
iid:  1824,          7,          4, 	      34980
iid:  1825,          4,          5, 	      33185
iid:  1826,          4,          7, 	      27134
iid:  1827,         13,          4, 	      26783
iid:  1828,          7,          5, 	      36242
iid:  1829,          8,          3, 	      38462
iid:  1830,          2,          4, 	      38111
iid:  1831,          2,          7, 	      32579
iid:  1832,          5,          4, 	      30072
iid:  1833,          6,          3, 	      34123
iid:  1834,          2,          4, 	      30890
iid:  1835,          5,          3, 	      35441
iid:  1836,          2,          5, 	      35110
iid:  1837,          4,          6, 	      28391
iid:  1838,         12,          4, 	      30928
iid:  1839,          6,          5, 	      29694
iid:  1840,          6,          3, 	      30312
iid:  1841,          2,          5, 	      29872
iid:  1842,          7,          5, 	      32937
iid:  1843,          5,          4, 	      27538
iid:  1844,          4,          6, 	      28852
iid:  1845,          7,          4, 	      30295
iid:  1846,          4,          4, 	      29039
iid:  1847,          4,          5, 	      28708
i