iid:     9,          4,          4, 	      27820
iid:    10,          7,          4, 	      38713
iid:    11,          7,          4, 	      41530
iid:    12,          5,          4, 	      50486
iid:    13,          5,          3, 	      52861
iid:    14,          2,          4, 	      52164
iid:    15,         17,          4, 	      61819
iid:    16,          7,          3, 	      64479
iid:    17,          3,          3, 	      64209
iid:    18,          2,          5, 	      62892
iid:    19,          4,          5, 	      36603
iid:    20,          3,          3, 	      29791
iid:    21,          2,          6, 	      28702
iid:    22,         10,          4, 	      23312
iid:    23,          4,          3, 	      22495
iid:    24,          2,          7, 	      22096
iid:    25,         14,          6, 	      18959
iid:    26,         11,          4, 	      19502
iid:    27,          8,          3, 	      20733
iid:    28,          2,          3, 	      20541
iid:    29,          2,          3, 	      20357
iid:    30,          2,          3, 	      20177
iid:    31,          2,          4, 	      19983
iid:    32,         13,          5, 	      24135
iid:    33,          4,          4, 	      22428
iid:    34,          4,          4, 	      22157
iid:    35,          4,          7, 	      18512
iid:    36,         27,          4, 	      15646
iid:    37,         13,          4, 	      19785
iid:    38,          5,          7, 	      22188
iid:    39,          2,          3, 	      20082
iid:    40,          2,          3, 	      19983
iid:    41,          2,          4, 	      19858
iid:    42,          9,          4, 	      21107
iid:    43,          4,          3, 	      20899
iid:    44,          2,          3, 	      20379
iid:    45,          2,          6, 	      20080
iid:    46,         27,          5, 	      24277
iid:    47,          4,          4, 	      21373
iid:    48,         12,          6, 	      19098
iid:    49,         12,          4, 	      24712
iid:    50,          5,          3, 	      26006
iid:    51,          2,          3, 	      20246
iid:    52,          2,          3, 	      20136
iid:    53,          2,          6, 	      20055
iid:    54,         21,          3, 	      26896
iid:    55,          2,          4, 	      25981
iid:    56,          4,          4, 	      22117
iid:    57,          2,          4, 	      21190
iid:    58,          4,          6, 	      16538
iid:    59,         14,          4, 	      24424
iid:    60,          7,          4, 	      19448
iid:    61,          4,          7, 	      21552
iid:    62,          2,          3, 	      21070
iid:    63,          3,          4, 	      20798
iid:    64,         14,          4, 	      17966
iid:    65,          4,          4, 	      19071
iid:    66,          6,          3, 	      19327
iid:    67,          2,          4, 	      18751
iid:    68,          2,          6, 	      17562
iid:    69,          9,          4, 	      17249
iid:    70,         19,          5, 	      17340
iid:    71,          6,          4, 	      17590
iid:    72,          4,          3, 	      17815
iid:    73,          2,          7, 	      17473
iid:    74,          6,          4, 	      16784
iid:    75,         25,          4, 	      30866
iid:    76,          8,          3, 	      26277
iid:    77,          2,          4, 	      25987
iid:    78,          2,          3, 	      24868
iid:    79,          2,          6, 	      24448
iid:    80,         10,          5, 	      32022
iid:    81,          4,          4, 	      21737
iid:    82,          4,          3, 	      19328
iid:    83,          2,          5, 	      18375
iid:    84,          4,          5, 	      17286
iid:    85,         28,          4, 	      17047
iid:    86,          5,          6, 	      20668
iid:    87,          4,          3, 	      20444
iid:    88,          2,          5, 	      20060
iid:    89,          2,          4, 	      18985
iid:    90,         13,          4, 	      16756
iid:    91,          6,          4, 	      17919
iid:    92,          8,          5, 	      22494
iid:    93,          2,          3, 	      21678
iid:    94,          2,          6, 	      21187
iid:    95,          4,          4, 	      16757
iid:    96,         19,          5, 	      17959
iid:    97,          4,          3, 	      18114
iid:    98,          2,          4, 	      17437
iid:    99,          4,          7, 	      18130
iid:   100,         21,          5, 	      14869
iid:   101,          7,          4, 	      18258
iid:   102,          4,          5, 	      21536
iid:   103,          2,          3, 	      19825
iid:   104,          2,          4, 	      19754
iid:   105,         29,          4, 	      42464
iid:   106,          5,          3, 	      37514
iid:   107,          2,          3, 	      37146
iid:   108,          2,          3, 	      36408
iid:   109,          2,          5, 	      36180
iid:   110,          2,          5, 	      30949
iid:   111,          9,          4, 	      40590
iid:   112,         12,          3, 	      35128
iid:   113,          2,          3, 	      34357
iid:   114,          2,          5, 	      33922
iid:   115,          5,          5, 	      18105
iid:   116,         10,          4, 	      13612
iid:   117,         10,          4, 	      22111
iid:   118,          4,          4, 	      21885
iid:   119,          2,          4, 	      20551
iid:   120,          2,          7, 	      20035
iid:   121,         23,          4, 	      14577
iid:   122,          5,          4, 	      19102
iid:   123,          8,          3, 	      21698
iid:   124,          2,          3, 	      21162
iid:   125,          2,          5, 	      20394
iid:   126,          2,          4, 	      19277
iid:   127,         15,          4, 	      21224
iid:   128,          4,          3, 	      20959
iid:   129,          2,          4, 	      20158
iid:   130,          2,          5, 	      19524
iid:   131,          6,          5, 	      17426
iid:   132,         11,          4, 	      23043
iid:   133,          4,          4, 	      14415
iid:   134,         12,          6, 	      21647
iid:   135,          4,          3, 	      20607
iid:   136,          3,          5, 	      20164
iid:   137,         18,          4, 	      20382
iid:   138,          4,          6, 	      20442
iid:   139,         12,          4, 	      26267
iid:   140,          8,          3, 	      29028
iid:   141,          2,          5, 	      23268
iid:   142,          2,          3, 	      21880
iid:   143,          2,          4, 	      21389
iid:   144,         13,          3, 	      24825
iid:   145,          2,          6, 	      24341
iid:   146,          4,          4, 	      23403
iid:   147,          4,          4, 	      17709
iid:   148,          4,          6, 	      17089
iid:   149,          9,          4, 	      16794
iid:   150,         20,          9, 	      19370
iid:   151,          7,          3, 	      21211
iid:   152,          2,          4, 	      20573
iid:   153,          4,          5, 	      20168
iid:   154,         17,          4, 	      15087
iid:   155,          8,          4, 	      18450
iid:   156,          7,          4, 	      19267
iid:   157,          2,          4, 	      18373
iid:   158,         11,          3, 	      26148
iid:   159,          2,          6, 	      24185
iid:   160,          4,          4, 	      23381
iid:   161,          4,          5, 	      16336
iid:   162,         19,          3, 	      25933
iid:   163,          2,          5, 	      25677
iid:   164,          4,          5, 	      22708
iid:   165,          5,          4, 	      15297
iid:   166,         11,          6, 	      20332
iid:   167,          4,          5, 	      19190
iid:   168,         11,          4, 	      21710
iid:   169,          4,          4, 	      21544
iid:   170,          2,          4, 	      19847
iid:   171,          2,          7, 	      19497
iid:   172,         26,          6, 	      21975
iid:   173,          5,          4, 	      20431
iid:   174,         12,          3, 	      27059
iid:   175,          2,          3, 	      26668
iid:   176,          2,          3, 	      25221
iid:   177,          3,          5, 	      24141
iid:   178,         13,          4, 	      21972
iid:   179,          4,          4, 	      19598
iid:   180,          7,          4, 	      21098
iid:   181,          2,          5, 	      20252
iid:   182,          9,          5, 	      17869
iid:   183,          5,          4, 	      18611
iid:   184,         17,          4, 	      20368
iid:   185,          4,          3, 	      20144
iid:   186,          2,          6, 	      19831
iid:   187,         16,          5, 	      25172
iid:   188,          4,          4, 	      21353
iid:   189,          2,          5, 	      20132
iid:   190,         10,          4, 	      21319
iid:   191,          4,          3, 	      19164
iid:   192,          2,          5, 	      18674
iid:   193,          2,          4, 	      17377
iid:   194,         18,          6, 	      24129
iid:   195,          4,          3, 	      22902
iid:   196,          2,          4, 	      22388
iid:   197,          4,          6, 	      14863
iid:   198,         15,          4, 	      24037
iid:   199,          7,          4, 	      23873
iid:   200,          8,          4, 	      15022
iid:   201,         14,          4, 	      22786
iid:   202,          4,          6, 	      22585
iid:   203,          2,          4, 	      21532
iid:   204,          4,          4, 	      14010
iid:   205,         11,          6, 	      23963
iid:   206,          4,          3, 	      22803
iid:   207,          2,          5, 	      22355
iid:   208,          5,          7, 	      14622
iid:   209,         22,          4, 	      24998
iid:   210,          4,          5, 	      24823
iid:   211,          4,          4, 	      15480
iid:   212,         13,          7, 	      23207
iid:   213,          4,          3, 	      21942
iid:   214,          2,          4, 	      21454
iid:   215,         21,          4, 	      21561
iid:   216,          4,          6, 	      20941
iid:   217,          4,          3, 	      20033
iid:   218,          2,          5, 	      19600
iid:   219,          5,          6, 	      13625
iid:   220,         16,          4, 	      25012
iid:   221,          4,          4, 	      24826
iid:   222,          4,          7, 	      17533
iid:   223,          9,          4, 	      18484
iid:   224,          6,          5, 	      25543
iid:   225,          4,          4, 	      15433
iid:   226,         27,          7, 	      32069
iid:   227,          7,          3, 	      32979
iid:   228,          2,          4, 	      32556
iid:   229,          5,          5, 	      39240
iid:   230,          4,          6, 	      32625
iid:   231,         14,          3, 	      27408
iid:   232,          2,          3, 	      23118
iid:   233,          2,          4, 	      22737
iid:   234,         14,          4, 	      35306
iid:   235,          4,          5, 	      35294
iid:   236,          2,          4, 	      23435
iid:   237,          2,          4, 	      20361
iid:   238,          2,          6, 	      18435
iid:   239,         16,          4, 	      16513
iid:   240,          7,          6, 	      19139
iid:   241,          7,          3, 	      19331
iid:   242,          3,          3, 	      18721
iid:   243,          2,          4, 	      18378
iid:   244,         19,          5, 	      17327
iid:   245,          5,          4, 	      19147
iid:   246,          5,          3, 	      19207
iid:   247,          2,          3, 	      18961
iid:   248,          2,          6, 	      18848
iid:   249,          9,          4, 	      14894
iid:   250,         16,          4, 	      25799
iid:   251,          4,          4, 	      20500
iid:   252,          2,          3, 	      19252
iid:   253,          2,          6, 	      19084
iid:   254,          6,          5, 	      17601
iid:   255,         14,          4, 	      16246
iid:   256,          4,          6, 	      17127
iid:   257,         12,          3, 	      18703
iid:   258,          2,          4, 	      18212
iid:   259,         15,          5, 	      23242
iid:   260,          5,          4, 	      21265
iid:   261,          8,          3, 	      22221
iid:   262,          2,          3, 	      20246
iid:   263,          2,          4, 	      19455
iid:   264,          2,          6, 	      18700
iid:   265,         18,          4, 	      24135
iid:   266,          4,          4, 	      18586
iid:   267,          6,          4, 	      18856
iid:   268,          2,          7, 	      17924
iid:   269,         13,          4, 	      19368
iid:   270,          8,          4, 	      24809
iid:   271,          5,          3, 	      19081
iid:   272,          2,          5, 	      18730
iid:   273,          2,          3, 	      18266
iid:   274,          2,          5, 	      17946
iid:   275,         20,          5, 	      21898
iid:   276,          4,          4, 	      22041
iid:   277,          5,          3, 	      20761
iid:   278,          2,          4, 	      20043
iid:   279,          4,          6, 	      17478
iid:   280,         14,          4, 	      19666
iid:   281,         15,          4, 	      21289
iid:   282,          8,          6, 	      22787
iid:   283,          5,          3, 	      22184
iid:   284,          2,          6, 	      22083
iid:   285,         12,          4, 	      17913
iid:   286,          5,          4, 	      18492
iid:   287,          5,          4, 	      19973
iid:   288,          2,          3, 	      18339
iid:   289,          2,          6, 	      17994
iid:   290,         11,          5, 	      19790
iid:   291,         16,          5, 	      20202
iid:   292,          4,          4, 	      19334
iid:   293,          2,          4, 	      17803
iid:   294,         10,          6, 	      27822
iid:   295,          4,          4, 	      21709
iid:   296,         16,          6, 	      21869
iid:   297,         12,          4, 	      14487
iid:   298,          9,          4, 	      20753
iid:   299,         10,          3, 	      25721
iid:   300,          2,          6, 	      25462
iid:   301,          2,          4, 	      24583
iid:   302,         15,          3, 	      28821
iid:   303,          2,          4, 	      28247
iid:   304,          2,          4, 	      20884
iid:   305,          4,          5, 	      20168
iid:   306,          6,          4, 	      21349
iid:   307,          4,          5, 	      21293
iid:   308,         17,          7, 	      29087
iid:   309,          4,          4, 	      17541
iid:   310,         12,          4, 	      17985
iid:   311,          2,          5, 	      17572
iid:   312,         14,          4, 	      15215
iid:   313,          6,          4, 	      18952
iid:   314,          7,          3, 	      21750
iid:   315,          2,          5, 	      21301
iid:   316,          2,          5, 	      19942
iid:   317,          7,          4, 	      19524
iid:   318,         14,          3, 	      26252
iid:   319,          2,          5, 	      25979
iid:   320,          4,          4, 	      20938
iid:   321,          4,          5, 	      20588
iid:   322,          4,          5, 	      17272
iid:   323,          5,          5, 	      15106
iid:   324,         15,          7, 	      18328
iid:   325,         16,          3, 	      18411
iid:   326,          3,          4, 	      18050
iid:   327,          4,          6, 	      18805
iid:   328,         13,          4, 	      15347
iid:   329,         10,          4, 	      18905
iid:   330,          6,          5, 	      21894
iid:   331,          2,          4, 	      21300
iid:   332,          2,          3, 	      19179
iid:   333,          2,          5, 	      19100
iid:   334,         16,          4, 	      20626
iid:   335,          4,          5, 	      20952
iid:   336,          4,          4, 	      18137
iid:   337,          4,          3, 	      17410
iid:   338,          2,          6, 	      16515
iid:   339,         12,          5, 	      18968
iid:   340,         15,          4, 	      17280
iid:   341,          6,          6, 	      17533
iid:   342,         17,          5, 	      23752
iid:   343,          4,          3, 	      23468
iid:   344,          2,          4, 	      17915
iid:   345,          2,          4, 	      17318
iid:   346,         11,          6, 	      25367
iid:   347,          4,          3, 	      19155
iid:   348,          2,          4, 	      18574
iid:   349,          4,          4, 	      18482
iid:   350,          4,          5, 	      14352
iid:   351,         22,          5, 	      26814
iid:   352,          6,          4, 	      17484
iid:   353,          5,          7, 	      18706
iid:   354,          4,          3, 	      20162
iid:   355,          2,          5, 	      19758
iid:   356,         26,          4, 	      17471
iid:   357,          4,          5, 	      18519
iid:   358,          4,          3, 	      19183
iid:   359,          2,          4, 	      18774
iid:   360,          2,          7, 	      18071
iid:   361,         13,          4, 	      22195
iid:   362,          4,          3, 	      21187
iid:   363,          2,          5, 	      15599
iid:   364,          7,          4, 	      17340
iid:   365,         12,          5, 	      19725
iid:   366,          2,          4, 	      16656
iid:   367,         11,          4, 	      15216
iid:   368,          7,          6, 	      19133
iid:   369,          4,          3, 	      19845
iid:   370,          2,          6, 	      19527
iid:   371,         25,          5, 	      17146
iid:   372,          8,          4, 	      18712
iid:   373,          6,          3, 	      21287
iid:   374,          2,          3, 	      20943
iid:   375,          2,          4, 	      20577
iid:   376,          2,          5, 	      19856
iid:   377,         11,          5, 	      24050
iid:   378,          4,          4, 	      19425
iid:   379,          4,          3, 	      19237
iid:   380,          2,          6, 	      18802
iid:   381,         22,          4, 	      21818
iid:   382,          7,          4, 	      27255
iid:   383,          4,          3, 	      20429
iid:   384,          2,          7, 	      19987
iid:   385,          4,          3, 	      18886
iid:   386,          2,          5, 	      18579
iid:   387,         24,          4, 	      19638
iid:   388,          4,          4, 	      15886
iid:   389,          5,          3, 	      17914
iid:   390,          2,          4, 	      17540
iid:   391,         11,          8, 	      21292
iid:   392,          7,          4, 	      16690
iid:   393,          6,          6, 	      16969
iid:   394,         10,          3, 	      20929
iid:   395,          3,          3, 	      20512
iid:   396,          2,          5, 	      20074
iid:   397,         14,          5, 	      17183
iid:   398,          8,          4, 	      28618
iid:   399,          4,          4, 	      22652
iid:   400,          2,          3, 	      21595
iid:   401,          2,          7, 	      21179
iid:   402,         22,          4, 	      14563
iid:   403,          9,          4, 	      18999
iid:   404,          4,          3, 	      19472
iid:   405,          2,          3, 	      18856
iid:   406,          2,          3, 	      18314
iid:   407,          2,          7, 	      17816
iid:   408,         14,          4, 	      18803
iid:   409,          4,          4, 	      18436
iid:   410,          4,          3, 	      19103
iid:   411,          2,          3, 	      19001
iid:   412,          2,          6, 	      18511
iid:   413,         19,          4, 	      18039
iid:   414,          8,          4, 	      19612
iid:   415,          4,          5, 	      20494
iid:   416,          2,          3, 	      18287
iid:   417,          2,          5, 	      17836
iid:   418,         13,          5, 	      22203
iid:   419,          7,          4, 	      21545
iid:   420,         12,          5, 	      14673
iid:   421,         11,          4, 	      20335
iid:   422,          4,          4, 	      20132
iid:   423,          2,          4, 	      19369
iid:   424,         11,          4, 	      20847
iid:   425,          4,          6, 	      20333
iid:   426,          2,          3, 	      18979
iid:   427,          2,          5, 	      18530
iid:   428,          4,          6, 	      13715
iid:   429,         21,          4, 	      24554
iid:   430,          4,          4, 	      24219
iid:   431,          4,          6, 	      16176
iid:   432,          4,          4, 	      16155
iid:   433,         17,          5, 	      24722
iid:   434,          5,          4, 	      14069
iid:   435,         11,          4, 	      17826
iid:   436,          8,          6, 	      19498
iid:   437,          2,          3, 	      18146
iid:   438,          2,          5, 	      18054
iid:   439,         15,          6, 	      18817
iid:   440,          4,          4, 	      19211
iid:   441,          5,          3, 	      19175
iid:   442,          2,          3, 	      18869
iid:   443,          2,          6, 	      18427
iid:   444,          9,          4, 	      17187
iid:   445,         20,          5, 	      20445
iid:   446,          4,          4, 	      19303
iid:   447,          4,          3, 	      19047
iid:   448,          2,          7, 	      18531
iid:   449,        227,          4, 	     448783
iid:   450,          2,          5, 	     448304
iid:   451,          4,          3, 	     442046
iid:   452,          2,          6, 	     441638
iid:   453,          2,          3, 	     438706
iid:   454,          2,          3, 	     432755
iid:   455,          2,          4, 	     432294
iid:   456,         14,          3, 	     451589
iid:   457,          2,          4, 	     450430
iid:   458,          4,         11, 	     450274
iid:   459,         10,          4, 	      26581
iid:   460,          4,          4, 	      26421
iid:   461,          8,          4, 	      31801
iid:   462,          4,          3, 	      35136
iid:   463,          2,          3, 	      34344
iid:   464,          2,          4, 	      34063
iid:   465,         10,          6, 	      42397
iid:   466,          7,          4, 	      34659
iid:   467,          8,          4, 	      49111
iid:   468,          4,          5, 	      49137
iid:   469,          2,          5, 	      38997
iid:   470,          4,          5, 	      30862
iid:   471,          6,          5, 	      29418
iid:   472,          9,          5, 	      29717
iid:   473,          4,          4, 	      30722
iid:   474,          6,          4, 	      35089
iid:   475,          4,          4, 	      34951
iid:   476,         10,          9, 	      37352
iid:   477,          7,          4, 	      26230
iid:   478,          4,          5, 	      30234
iid:   479,          5,          3, 	      32011
iid:   480,          2,          3, 	      31476
iid:   481,          2,          5, 	      31107
iid:   482,         11,          6, 	      34337
iid:   483,          6,          4, 	      35960
iid:   484,          5,          5, 	      36335
iid:   485,          4,          3, 	      38494
iid:   486,          2,          4, 	      34858
iid:   487,          2,          6, 	      28501
iid:   488,         11,          4, 	      29212
iid:   489,          5,          4, 	      30071
iid:   490,          6,          5, 	      34391
iid:   491,          6,          3, 	      36550
iid:   492,          2,          5, 	      32582
iid:   493,          4,          6, 	      28240
iid:   494,          9,          4, 	      30955
iid:   495,          5,          4, 	      29037
iid:   496,          4,          5, 	      31409
iid:   497,          9,          4, 	      35172
iid:   498,          4,          6, 	      32731
iid:   499,          4,          5, 	      28267
iid:   500,         11,          6, 	      32743
iid:   501,          6,          4, 	      29368
iid:   502,          4,          4, 	      31602
iid:   503,          9,          6, 	      36008
iid:   504,          5,          4, 	      31893
iid:   505,          2,          5, 	      28938
iid:   506,          7,          5, 	      31437
iid:   507,          7,          5, 	      34636
iid:   508,          5,          3, 	      34765
iid:   509,          2,          6, 	      31857
iid:   510,          7,          5, 	      31206
iid:   511,          4,          4, 	      29954
iid:   512,          6,          7, 	      28301
iid:   513,          8,          4, 	      28162
iid:   514,          4,          3, 	      29756
iid:   515,          2,          4, 	      29579
iid:   516,          9,          6, 	      35025
iid:   517,          4,          4, 	      27690
iid:   518,          6,          5, 	      28853
iid:   519,          9,          6, 	      35427
iid:   520,          5,          3, 	      35651
iid:   521,          2,          4, 	      31845
iid:   522,          4,          5, 	      33059
iid:   523,         10,          7, 	      32642
iid:   524,          4,          4, 	      26257
iid:   525,          7,          4, 	      28209
iid:   526,          7,          5, 	      34078
iid:   527,          6,          3, 	      36976
iid:   528,          2,          6, 	      32475
iid:   529,          8,          6, 	      31887
iid:   530,          6,          5, 	      28019
iid:   531,          5,          4, 	      30709
iid:   532,          4,          6, 	      33001
iid:   533,          8,          3, 	      29063
iid:   534,          2,          4, 	      28610
iid:   535,          4,          6, 	      26578
iid:   536,         10,          4, 	      29318
iid:   537,          4,          5, 	      30911
iid:   538,          6,          5, 	      32004
iid:   539,          6,          4, 	      31804
iid:   540,          4,          6, 	      29264
iid:   541,          9,          5, 	      31152
iid:   542,          6,          5, 	      33618
iid:   543,          6,          4, 	      31571
iid:   544,          4,          4, 	      30983
iid:   545,          7,          5, 	      33712
iid:   546,          5,          6, 	      29198
iid:   547,          8,          6, 	      28415
iid:   548,          4,          5, 	      27504
iid:   549,          7,          4, 	      28013
iid:   550,          4,          5, 	      30798
iid:   551,          5,          6, 	      28276
iid:   552,          9,          6, 	      26842
iid:   553,          8,          4, 	      26493
iid:   554,          4,          4, 	      27718
iid:   555,          6,          6, 	      30523
iid:   556,          4,          5, 	      32499
iid:   557,          9,          4, 	      31660
iid:   558,          4,          6, 	      31252
iid:   559,          8,          5, 	      32659
iid:   560,          8,          5, 	      36495
iid:   561,          5,          3, 	      35806
iid:   562,          2,          5, 	      33036
iid:   563,          5,          6, 	      33333
iid:   564,          5,          5, 	      28117
iid:   565,          7,          6, 	      28198
iid:   566,          6,          4, 	      29234
iid:   567,          8,          4, 	      32119
iid:   568,          4,          4, 	      32427
iid:   569,          2,          6, 	      26692
iid:   570,          9,          5, 	      29748
iid:   571,          5,          5, 	      28686
iid:   572,          6,          5, 	      30193
iid:   573,          5,          4, 	      28834
iid:   574,          4,          5, 	      28972
iid:   575,          9,          5, 	      30685
iid:   576,          5,          5, 	      29704
iid:   577,          8,          4, 	      26884
iid:   578,          6,          5, 	      29615
iid:   579,          5,          6, 	      31692
iid:   580,          4,          4, 	      26945
iid:   581,          9,          5, 	      28611
iid:   582,          5,          7, 	      30845
iid:   583,          8,          4, 	      28752
iid:   584,          6,          5, 	      32582
iid:   585,          6,          5, 	      32737
iid:   586,          4,          5, 	      29043
iid:   587,          8,          5, 	      32227
iid:   588,          5,          6, 	      32712
iid:   589,          5,          4, 	      27419
iid:   590,          7,          5, 	      31160
iid:   591,          5,          4, 	      32312
iid:   592,          6,          6, 	      30954
iid:   593,          8,          5, 	      31310
iid:   594,          4,          5, 	      29210
iid:   595,          8,          4, 	      30363
iid:   596,          5,          6, 	      31132
iid:   597,          7,          6, 	      32130
iid:   598,          6,          4, 	      29860
iid:   599,          4,          5, 	      29066
iid:   600,          8,          5, 	      32636
iid:   601,          4,          5, 	      27193
iid:   602,          7,          5, 	      30758
iid:   603,          7,          5, 	      28919
iid:   604,          4,          5, 	      29268
iid:   605,          7,          5, 	      30204
iid:   606,          7,          6, 	      29296
iid:   607,          4,          4, 	      28265
iid:   608,          9,          7, 	      28008
iid:   609,          6,          4, 	      29532
iid:   610,          4,          5, 	      30422
iid:   611,          9,          5, 	      33381
iid:   612,          4,          6, 	      30652
iid:   613,          7,          4, 	      31060
iid:   614,          4,          5, 	      29507
iid:   615,          5,          5, 	      30053
iid:   616,          7,          5, 	      29518
iid:   617,          5,          5, 	      30113
iid:   618,          8,          5, 	      30801
iid:   619,          4,          5, 	      27693
iid:   620,          8,          5, 	      30473
iid:   621,          5,          5, 	      26684
iid:   622,          6,          7, 	      29854
iid:   623,          8,          5, 	      26505
iid:   624,          5,          4, 	      28282
iid:   625,          4,          4, 	      28425
iid:   626,          5,          5, 	      30040
iid:   627,          8,          6, 	      31676
iid:   628,          8,          5, 	      30101
iid:   629,          8,          4, 	      33299
iid:   630,          4,          4, 	      34949
iid:   631,          2,          5, 	      30650
iid:   632,          8,          5, 	      34011
iid:   633,          4,          6, 	      31428
iid:   634,          7,          5, 	      31210
iid:   635,          5,          4, 	      30649
iid:   636,          4,          5, 	      27064
iid:   637,          5,          4, 	      28573
iid:   638,          8,          7, 	      32956
iid:   639,          9,          6, 	      25937
iid:   640,          4,          3, 	      29169
iid:   641,          2,          4, 	      28711
iid:   642,          4,          6, 	      25762
iid:   643,         10,          6, 	      32212
iid:   644,          8,          4, 	      32792
iid:   645,          6,          4, 	      35697
iid:   646,          2,          3, 	      35189
iid:   647,          2,          6, 	      34865
iid:   648,          8,          4, 	      32711
iid:   649,          4,          5, 	      32171
iid:   650,          6,          5, 	      29135
iid:   651,          6,          3, 	      33945
iid:   652,          4,          4, 	      33454
iid:   653,          5,          6, 	      29999
iid:   654,          7,          4, 	      25983
iid:   655,          7,          3, 	      29611
iid:   656,          2,          6, 	      29397
iid:   657,          4,          5, 	      31090
iid:   658,          8,          4, 	      31082
iid:   659,          4,          5, 	      30877
iid:   660,          6,          5, 	      29379
iid:   661,          6,          4, 	      31279
iid:   662,          9,          4, 	      34713
iid:   663,          2,          4, 	      31196
iid:   664,          5,          6, 	      28744
iid:   665,          5,          4, 	      25530
iid:   666,          9,          7, 	      30672
iid:   667,          4,          5, 	      31452
iid:   668,          5,          4, 	      26473
iid:   669,          9,          5, 	      32664
iid:   670,          4,          5, 	      31961
iid:   671,          4,          6, 	      27940
iid:   672,          8,          4, 	      29812
iid:   673,          5,          5, 	      31454
iid:   674,          8,          4, 	      27593
iid:   675,          4,          6, 	      30606
iid:   676,          8,          4, 	      34512
iid:   677,          7,          6, 	      27989
iid:   678,          5,          5, 	      30383
iid:   679,          5,          3, 	      32082
iid:   680,          2,          4, 	      31659
iid:   681,          4,          6, 	      31486
iid:   682,         10,          6, 	      37717
iid:   683,          4,          5, 	      29880
iid:   684,          9,          4, 	      31853
iid:   685,          4,          6, 	      32197
iid:   686,          9,          6, 	      29508
iid:   687,          5,          4, 	      30742
iid:   688,          2,          4, 	      30055
iid:   689,          9,          4, 	      27822
iid:   690,          6,          5, 	      29297
iid:   691,          2,          4, 	      28131
iid:   692,          6,          4, 	      30172
iid:   693,          4,          6, 	      29966
iid:   694,          7,          5, 	      32458
iid:   695,          4,          5, 	      29368
iid:   696,          7,          4, 	      30736
iid:   697,          5,          4, 	      28237
iid:   698,          5,          8, 	      29823
iid:   699,         10,          4, 	      26753
iid:   700,          7,          4, 	      29811
iid:   701,          5,          4, 	      32327
iid:   702,          5,          5, 	      32404
iid:   703,          4,          5, 	      31625
iid:   704,          8,          5, 	      30888
iid:   705,          5,          6, 	      33592
iid:   706,          8,          4, 	      27657
iid:   707,          5,          4, 	      30176
iid:   708,          4,          6, 	      31348
iid:   709,          9,          5, 	      30672
iid:   710,          4,          6, 	      29624
iid:   711,          9,          5, 	      30930
iid:   712,          4,          4, 	      27069
iid:   713,          8,          4, 	      27940
iid:   714,          4,          6, 	      29625
iid:   715,          4,          6, 	      30524
iid:   716,          4,          6, 	      31285
iid:   717,          9,          4, 	      27398
iid:   718,          4,          6, 	      36155
iid:   719,         11,          4, 	      34773
iid:   720,          4,          7, 	      35576
iid:   721,          4,          3, 	      35336
iid:   722,          2,          3, 	      35157
iid:   723,          2,          7, 	      34808
iid:   724,         12,          3, 	      47991
iid:   725,          2,          5, 	      47603
iid:   726,          4,          3, 	      49979
iid:   727,          2,          7, 	      49560
iid:   728,         13,          4, 	      44544
iid:   729,          4,          3, 	      46932
iid:   730,          2,          3, 	      46615
iid:   731,          2,          3, 	      46232
iid:   732,          2,          3, 	      45789
iid:   733,          2,          6, 	      45464
iid:   734,          4,          4, 	      26612
iid:   735,         12,          3, 	      44537
iid:   736,          2,          4, 	      40813
iid:   737,          4,          8, 	      45239
iid:   738,         11,          4, 	      30375
iid:   739,          6,          3, 	      30732
iid:   740,          2,          4, 	      30383
iid:   741,          4,          3, 	      35067
iid:   742,          2,          3, 	      34792
iid:   743,          2,          3, 	      34069
iid:   744,          2,          5, 	      33987
iid:   745,         10,          5, 	      34469
iid:   746,          6,          4, 	      40531
iid:   747,          5,          4, 	      38474
iid:   748,          2,          5, 	      32807
iid:   749,          9,          5, 	      26623
iid:   750,          4,          4, 	      26703
iid:   751,          8,          4, 	      26699
iid:   752,          4,          5, 	      28230
iid:   753,          9,          3, 	      34185
iid:   754,          2,          4, 	      34002
iid:   755,          4,          7, 	      29262
iid:   756,          7,          4, 	      31441
iid:   757,          8,          5, 	      33336
iid:   758,          5,          4, 	      35877
iid:   759,          2,          4, 	      29619
iid:   760,          4,          6, 	      30194
iid:   761,          9,          6, 	      27616
iid:   762,          5,          4, 	      26844
iid:   763,          7,          5, 	      26125
iid:   764,          4,          4, 	      28949
iid:   765,          4,          5, 	      29850
iid:   766,         10,          5, 	      30079
iid:   767,          5,          5, 	      30127
iid:   768,          7,          4, 	      26841
iid:   769,          7,          6, 	      32534
iid:   770,          5,          4, 	      31677
iid:   771,          4,          5, 	      31541
iid:   772,          7,          4, 	      30600
iid:   773,          4,          6, 	      29769
iid:   774,          8,          5, 	      28508
iid:   775,          4,          5, 	      27725
iid:   776,          9,          5, 	      30522
iid:   777,          4,          5, 	      26804
iid:   778,          7,          6, 	      28666
iid:   779,          5,          4, 	      26934
iid:   780,          9,          6, 	      27602
iid:   781,          4,          6, 	      28535
iid:   782,          6,          4, 	      27273
iid:   783,          7,          4, 	      30958
iid:   784,          7,          5, 	      29673
iid:   785,          4,          6, 	      29154
iid:   786,          8,          5, 	      28745
iid:   787,          5,          5, 	      31275
iid:   788,          4,          4, 	      28438
iid:   789,          7,          6, 	      30938
iid:   790,          6,          5, 	      28167
iid:   791,          6,          5, 	      28464
iid:   792,          8,          6, 	      28816
iid:   793,          4,          4, 	      26678
iid:   794,          8,          5, 	      26894
iid:   795,          6,          6, 	      29949
iid:   796,          6,          4, 	      29818
iid:   797,          4,          5, 	      28653
iid:   798,          7,          5, 	      30534
iid:   799,          4,          5, 	      29071
iid:   800,          9,          5, 	      28306
iid:   801,          4,          5, 	      28863
iid:   802,          8,          5, 	      30081
iid:   803,          4,          5, 	      27662
iid:   804,          8,          5, 	      26854
iid:   805,          4,          5, 	      28029
iid:   806,          8,          5, 	      28294
iid:   807,          4,          5, 	      28142
iid:   808,          8,          5, 	      29003
iid:   809,          6,          5, 	      26837
iid:   810,          6,          5, 	      28571
iid:   811,          5,          7, 	      28416
iid:   812,          8,          4, 	      28600
iid:   813,          4,          5, 	      29545
iid:   814,          5,          6, 	      27449
iid:   815,          9,          4, 	      26352
iid:   816,          6,          5, 	      28866
iid:   817,          5,          5, 	      30976
iid:   818,          5,          4, 	      26402
iid:   819,          6,          7, 	      28047
iid:   820,          7,          5, 	      26431
iid:   821,          7,          5, 	      28458
iid:   822,          5,          4, 	      29131
iid:   823,          7,          4, 	      28475
iid:   824,          4,          6, 	      30864
iid:   825,          9,          5, 	      29873
iid:   826,          4,          6, 	      27339
iid:   827,          8,          4, 	      29668
iid:   828,          5,          5, 	      28372
iid:   829,          5,          5, 	      29974
iid:   830,          6,          4, 	      31414
iid:   831,          4,          6, 	      29025
iid:   832,          9,          5, 	      31773
iid:   833,          4,          6, 	      28981
iid:   834,          8,          4, 	      29113
iid:   835,          4,          4, 	      28424
iid:   836,          5,          6, 	      29937
iid:   837,          7,          5, 	      29233
iid:   838,          5,          6, 	      29809
iid:   839,          7,          4, 	      27501
iid:   840,          8,          6, 	      26827
iid:   841,          5,          6, 	      29184
iid:   842,          8,          4, 	      28249
iid:   843,          6,          6, 	      30851
iid:   844,          4,          5, 	      28490
iid:   845,          7,          5, 	      31127
iid:   846,          7,          5, 	      29587
iid:   847,          4,          5, 	      28867
iid:   848,          7,          4, 	      29421
iid:   849,          5,          5, 	      32409
iid:   850,          8,          4, 	      31551
iid:   851,          6,          6, 	      31724
iid:   852,          6,          5, 	      32214
iid:   853,          4,          5, 	      29567
iid:   854,          4,          6, 	      28152
iid:   855,          9,          5, 	      31481
iid:   856,          4,          4, 	      26979
iid:   857,          7,          5, 	      29150
iid:   858,          6,          6, 	      33940
iid:   859,          8,          4, 	      30411
iid:   860,          6,          6, 	      28342
iid:   861,          4,          5, 	      27160
iid:   862,          8,          5, 	      28195
iid:   863,          5,          4, 	      29752
iid:   864,          2,          5, 	      29090
iid:   865,          8,          4, 	      27633
iid:   866,          4,          4, 	      28365
iid:   867,          8,          6, 	      30704
iid:   868,          5,          6, 	      28523
iid:   869,          8,          6, 	      30539
iid:   870,          5,          3, 	      27739
iid:   871,          3,          5, 	      27346
iid:   872,          9,          5, 	      29998
iid:   873,          5,          3, 	      29779
iid:   874,          2,          6, 	      29312
iid:   875,          7,          3, 	      28893
iid:   876,          2,          5, 	      28612
iid:   877,          7,          5, 	      30482
iid:   878,          5,          5, 	      30498
iid:   879,          6,          4, 	      30843
iid:   880,          5,          3, 	      29537
iid:   881,          2,          6, 	      29049
iid:   882,          8,          4, 	      29424
iid:   883,          6,          5, 	      26925
iid:   884,          6,          5, 	      30912
iid:   885,          4,          5, 	      28440
iid:   886,          8,          4, 	      29204
iid:   887,          4,          5, 	      31709
iid:   888,          6,          5, 	      28216
iid:   889,          6,          4, 	      26321
iid:   890,          7,          5, 	      29038
iid:   891,          6,          5, 	      30131
iid:   892,          7,          5, 	      31370
iid:   893,          4,          4, 	      28527
iid:   894,          6,          6, 	      28087
iid:   895,          8,          5, 	      28468
iid:   896,          4,          6, 	      26542
iid:   897,          7,          4, 	      30652
iid:   898,          4,          5, 	      26338
iid:   899,          9,          6, 	      31750
iid:   900,          4,          5, 	      26643
iid:   901,          9,          6, 	      29397
iid:   902,          8,          4, 	      28887
iid:   903,          2,          5, 	      28084
iid:   904,          6,          4, 	      26252
iid:   905,          5,          6, 	      30233
iid:   906,          6,          4, 	      32201
iid:   907,          5,          6, 	      28009
iid:   908,          6,          5, 	      31356
iid:   909,          6,          4, 	      29158
iid:   910,          4,          4, 	      27460
iid:   911,          7,          5, 	      31905
iid:   912,          6,          4, 	      26294
iid:   913,          8,          6, 	      30655
iid:   914,          4,          5, 	      26418
iid:   915,          8,          6, 	      28635
iid:   916,          7,          4, 	      28696
iid:   917,          4,          6, 	      28360
iid:   918,          7,          4, 	      30663
iid:   919,          8,          5, 	      31761
iid:   920,          4,          5, 	      33042
iid:   921,          5,          5, 	      29656
iid:   922,          6,          5, 	      29630
iid:   923,          7,          5, 	      30188
iid:   924,          5,          7, 	      28292
iid:   925,          8,          4, 	      26870
iid:   926,          7,          3, 	      29777
iid:   927,          2,          6, 	      29319
iid:   928,          5,          5, 	      29101
iid:   929,          7,          6, 	      29440
iid:   930,          5,          5, 	      26740
iid:   931,          5,          5, 	      28902
iid:   932,          7,          4, 	      29272
iid:   933,          7,          4, 	      29183
iid:   934,          4,          6, 	      28352
iid:   935,          6,          5, 	      27882
iid:   936,          6,          3, 	      27979
iid:   937,          2,          5, 	      27251
iid:   938,          9,          5, 	      29576
iid:   939,          6,          4, 	      27571
iid:   940,          5,          8, 	      28465
iid:   941,          7,          4, 	      26871
iid:   942,          7,          5, 	      31138
iid:   943,          5,          4, 	      30624
iid:   944,          5,          3, 	      33009
iid:   945,          2,          6, 	      30244
iid:   946,          8,          4, 	      29117
iid:   947,          5,          5, 	      28799
iid:   948,          7,          5, 	      30397
iid:   949,          7,          4, 	      29519
iid:   950,          5,          5, 	      32979
iid:   951,          4,          6, 	      30893
iid:   952,         10,          5, 	      29819
iid:   953,          4,          7, 	      27570
iid:   954,          9,          4, 	      29978
iid:   955,          5,          5, 	      30507
iid:   956,          5,          3, 	      34159
iid:   957,          2,          5, 	      33904
iid:   958,          7,          5, 	      32850
iid:   959,          4,          5, 	      28838
iid:   960,          5,          6, 	      27745
iid:   961,          6,          4, 	      29526
iid:   962,         11,          4, 	      33536
iid:   963,          4,          5, 	      33166
iid:   964,          4,          6, 	      28710
iid:   965,          7,          6, 	      30140
iid:   966,          7,          3, 	      28322
iid:   967,          2,          5, 	      27793
iid:   968,          7,          4, 	      32756
iid:   969,          4,          5, 	      31731
iid:   970,          7,          6, 	      31471
iid:   971,          4,          5, 	      31442
iid:   972,         10,          4, 	      31251
iid:   973,          4,          6, 	      31305
iid:   974,          4,          4, 	      28090
iid:   975,         11,          4, 	      30214
iid:   976,          5,          5, 	      32634
iid:   977,          2,          5, 	      32068
iid:   978,          6,          5, 	      27149
iid:   979,          7,          4, 	      28503
iid:   980,          5,          6, 	      33222
iid:   981,          4,          5, 	      28006
iid:   982,          9,          5, 	      28460
iid:   983,          7,          4, 	      30513
iid:   984,          5,          6, 	      32655
iid:   985,          5,          5, 	      30307
iid:   986,          7,          3, 	      30449
iid:   987,          2,          5, 	      29815
iid:   988,          7,          6, 	      30512
iid:   989,          4,          4, 	      27998
iid:   990,          7,          5, 	      28694
iid:   991,          4,          5, 	      27890
iid:   992,          9,          5, 	      29316
iid:   993,          4,          5, 	      28259
iid:   994,          7,          5, 	      26730
iid:   995,          5,          4, 	      28195
iid:   996,          9,          6, 	      29796
iid:   997,          5,          6, 	      32284
iid:   998,          4,          4, 	      26229
iid:   999,          7,          4, 	      30406
iid:  1000,          8,          4, 	      30410
iid:  1001,          4,          7, 	      31164
iid:  1002,          5,          4, 	      29852
iid:  1003,          7,          3, 	      30263
iid:  1004,          2,          5, 	      29490
iid:  1005,          8,          7, 	      29392
iid:  1006,          8,          4, 	      26639
iid:  1007,          4,          3, 	      29406
iid:  1008,          2,          6, 	      28977
iid:  1009,          7,          7, 	      29136
iid:  1010,          8,          4, 	      27712
iid:  1011,          4,          5, 	      28191
iid:  1012,          8,          4, 	      31864
iid:  1013,          5,          5, 	      31323
iid:  1014,          4,          3, 	      32020
iid:  1015,          2,          6, 	      28310
iid:  1016,          7,          4, 	      27974
iid:  1017,          9,          5, 	      29410
iid:  1018,          4,          5, 	      31719
iid:  1019,          4,          6, 	      29444
iid:  1020,         11,          4, 	      33957
iid:  1021,          4,          5, 	      31799
iid:  1022,          6,          5, 	      35652
iid:  1023,          4,          5, 	      32576
iid:  1024,          7,          3, 	      34311
iid:  1025,          2,          4, 	      33968
iid:  1026,          2,          5, 	      28921
iid:  1027,          9,          5, 	      33245
iid:  1028,          7,          6, 	      34825
iid:  1029,          5,          5, 	      29982
iid:  1030,          6,          3, 	      28118
iid:  1031,          2,          5, 	      27574
iid:  1032,          8,          5, 	      30262
iid:  1033,          4,          4, 	      27230
iid:  1034,          8,          5, 	      28890
iid:  1035,          7,          4, 	      32221
iid:  1036,          4,          5, 	      32025
iid:  1037,          5,          5, 	      33233
iid:  1038,          6,          6, 	      27499
iid:  1039,          7,          4, 	      26686
iid:  1040,          4,          6, 	      27939
iid:  1041,          9,          4, 	      30804
iid:  1042,          4,          4, 	      28514
iid:  1043,          8,          7, 	      32935
iid:  1044,          4,          4, 	      29156
iid:  1045,          8,          5, 	      31959
iid:  1046,          4,          6, 	      31279
iid:  1047,          8,          4, 	      32265
iid:  1048,          4,          5, 	      32353
iid:  1049,          4,          3, 	      29997
iid:  1050,          2,          7, 	      29305
iid:  1051,          8,          3, 	      32116
iid:  1052,          2,          7, 	      31770
iid:  1053,          9,          3, 	      30212
iid:  1054,          2,          5, 	      29889
iid:  1055,         10,          4, 	      32400
iid:  1056,          2,          5, 	      32104
iid:  1057,          7,          3, 	      31099
iid:  1058,          2,          5, 	      30902
iid:  1059,          6,          3, 	      34392
iid:  1060,          2,          4, 	      34077
iid:  1061,          4,          4, 	      28893
iid:  1062,          8,          5, 	      36565
iid:  1063,          5,          4, 	      30702
iid:  1064,          7,          5, 	      35614
iid:  1065,          4,          4, 	      31304
iid:  1066,          6,          6, 	      33091
iid:  1067,          7,          6, 	      27388
iid:  1068,          8,          4, 	      28589
iid:  1069,          8,          6, 	      29512
iid:  1070,          4,          3, 	      31783
iid:  1071,          2,          4, 	      31738
iid:  1072,          4,          4, 	      28271
iid:  1073,          2,          5, 	      27663
iid:  1074,         10,          5, 	      32321
iid:  1075,          6,          5, 	      29767
iid:  1076,          4,          5, 	      33859
iid:  1077,          5,          3, 	      35112
iid:  1078,          2,          5, 	      31344
iid:  1079,         10,          6, 	      29420
iid:  1080,          7,          4, 	      26041
iid:  1081,          5,          6, 	      31232
iid:  1082,          8,          3, 	      33975
iid:  1083,          2,          4, 	      33652
iid:  1084,          6,          4, 	      32258
iid:  1085,          4,          6, 	      31502
iid:  1086,          8,          4, 	      29146
iid:  1087,          4,          5, 	      31655
iid:  1088,          8,          5, 	      34202
iid:  1089,          4,          5, 	      29488
iid:  1090,          6,          6, 	      26216
iid:  1091,          8,          4, 	      27549
iid:  1092,          8,          6, 	      29821
iid:  1093,          4,          4, 	      30534
iid:  1094,          7,          5, 	      29307
iid:  1095,          4,          5, 	      28746
iid:  1096,          7,          6, 	      30134
iid:  1097,          5,          5, 	      29720
iid:  1098,          5,          4, 	      29325
iid:  1099,          5,          4, 	      29599
iid:  1100,          4,          5, 	      29507
iid:  1101,         11,          8, 	      28878
iid:  1102,          8,          4, 	      30005
iid:  1103,          5,          5, 	      30235
iid:  1104,          5,          3, 	      31494
iid:  1105,          2,          6, 	      31011
iid:  1106,          8,          4, 	      33522
iid:  1107,          4,          5, 	      28770
iid:  1108,          6,          6, 	      34749
iid:  1109,          4,          4, 	      29369
iid:  1110,          9,          4, 	      34361
iid:  1111,          5,          5, 	      34745
iid:  1112,          4,          6, 	      27511
iid:  1113,         10,          4, 	      26555
iid:  1114,          6,          6, 	      30279
iid:  1115,          6,          4, 	      32095
iid:  1116,          4,          5, 	      27290
iid:  1117,          7,          7, 	      32195
iid:  1118,          6,          4, 	      29230
iid:  1119,          7,          5, 	      29810
iid:  1120,          4,          5, 	      30719
iid:  1121,          9,          4, 	      34103
iid:  1122,          7,          6, 	      37120
iid:  1123,          5,          4, 	      31785
iid:  1124,          2,          5, 	      28904
iid:  1125,          7,          5, 	      30880
iid:  1126,          4,          5, 	      30180
iid:  1127,          6,          5, 	      32937
iid:  1128,          4,          5, 	      30019
iid:  1129,          4,          4, 	      27366
iid:  1130,          9,          5, 	      32090
iid:  1131,          5,          6, 	      26655
iid:  1132,          8,          4, 	      26707
iid:  1133,          9,          6, 	      30018
iid:  1134,          4,          4, 	      31962
iid:  1135,          4,          6, 	      26978
iid:  1136,          7,          5, 	      31887
iid:  1137,          9,          5, 	      29387
iid:  1138,          4,          3, 	      32185
iid:  1139,          2,          5, 	      31977
iid:  1140,          9,          4, 	      31742
iid:  1141,          4,          6, 	      31101
iid:  1142,          6,          6, 	      29361
iid:  1143,          4,          5, 	      27447
iid:  1144,          9,          5, 	      28811
iid:  1145,          6,          4, 	      32225
iid:  1146,          4,          6, 	      28724
iid:  1147,          9,          4, 	      29203
iid:  1148,          6,          6, 	      29116
iid:  1149,          4,          5, 	      30615
iid:  1150,          5,          5, 	      26259
iid:  1151,          8,          4, 	      30848
iid:  1152,          4,          5, 	      29722
iid:  1153,          8,          6, 	      30688
iid:  1154,          5,          4, 	      29422
iid:  1155,          7,          3, 	      29521
iid:  1156,          2,          6, 	      28996
iid:  1157,          6,          5, 	      28657
iid:  1158,          4,          5, 	      27485
iid:  1159,          9,          4, 	      27838
iid:  1160,          4,          7, 	      28163
iid:  1161,          8,          4, 	      26937
iid:  1162,          6,          5, 	      30501
iid:  1163,          6,          5, 	      30338
iid:  1164,          4,          5, 	      28459
iid:  1165,          8,          4, 	      29625
iid:  1166,          6,          5, 	      32134
iid:  1167,          5,          5, 	      28816
iid:  1168,          7,          5, 	      30651
iid:  1169,          4,          4, 	      27336
iid:  1170,          4,          6, 	      28563
iid:  1171,          9,          5, 	      29211
iid:  1172,          7,          6, 	      28045
iid:  1173,         10,          5, 	      34558
iid:  1174,          5,          5, 	      34285
iid:  1175,          4,          6, 	      32528
iid:  1176,          7,          3, 	      32048
iid:  1177,          2,          6, 	      31615
iid:  1178,          4,          5, 	      28000
iid:  1179,          7,          4, 	      29294
iid:  1180,          4,          5, 	      29173
iid:  1181,          6,          4, 	      32225
iid:  1182,          4,          5, 	      28478
iid:  1183,         11,          8, 	      27422
iid:  1184,         10,          3, 	      32440
iid:  1185,          2,          4, 	      27546
iid:  1186,          4,          4, 	      30582
iid:  1187,          6,          5, 	      33517
iid:  1188,          2,          6, 	      33171
iid:  1189,          4,          4, 	      26759
iid:  1190,          7,          5, 	      34867
iid:  1191,          4,          4, 	      29881
iid:  1192,          8,          4, 	      34351
iid:  1193,          4,          6, 	      33258
iid:  1194,          8,          4, 	      27279
iid:  1195,          9,          5, 	      29277
iid:  1196,          5,          5, 	      31128
iid:  1197,          8,          4, 	      29421
iid:  1198,          4,          6, 	      29327
iid:  1199,          7,          5, 	      33747
iid:  1200,          4,          3, 	      31078
iid:  1201,          2,          6, 	      30655
iid:  1202,          8,          4, 	      34220
iid:  1203,          4,          6, 	      30512
iid:  1204,          7,          5, 	      30812
iid:  1205,          4,          4, 	      28264
iid:  1206,          7,          6, 	      30275
iid:  1207,          6,          5, 	      26659
iid:  1208,          8,          5, 	      28454
iid:  1209,          6,          6, 	      26523
iid:  1210,          8,          3, 	      31366
iid:  1211,          2,          4, 	      28019
iid:  1212,          6,          5, 	      32536
iid:  1213,          2,          5, 	      31431
iid:  1214,          5,          4, 	      25771
iid:  1215,          7,          5, 	      32688
iid:  1216,          4,          5, 	      31621
iid:  1217,          7,          3, 	      34681
iid:  1218,          2,          5, 	      31971
iid:  1219,          4,          5, 	      27966
iid:  1220,         10,          5, 	      26458
iid:  1221,          6,          5, 	      28024
iid:  1222,          9,          5, 	      28738
iid:  1223,          4,          3, 	      30464
iid:  1224,          2,          5, 	      30074
iid:  1225,          8,          5, 	      31248
iid:  1226,          4,          6, 	      27150
iid:  1227,          6,          4, 	      29816
iid:  1228,          4,          5, 	      28864
iid:  1229,          9,          5, 	      33425
iid:  1230,          4,          4, 	      29011
iid:  1231,          5,          6, 	      27329
iid:  1232,          7,          4, 	      29692
iid:  1233,          8,          5, 	      28401
iid:  1234,          2,          4, 	      27336
iid:  1235,          8,          6, 	      28665
iid:  1236,          4,          4, 	      27713
iid:  1237,          6,          5, 	      29324
iid:  1238,          5,          6, 	      28807
iid:  1239,          8,          4, 	      29463
iid:  1240,          4,          3, 	      27747
iid:  1241,          2,          6, 	      26911
iid:  1242,          9,          4, 	      28582
iid:  1243,          7,          5, 	      29442
iid:  1244,          4,          5, 	      31689
iid:  1245,          4,          4, 	      25531
iid:  1246,          9,          6, 	      30070
iid:  1247,          4,          5, 	      25578
iid:  1248,          8,          5, 	      27533
iid:  1249,          8,          4, 	      26758
iid:  1250,          5,          3, 	      29193
iid:  1251,          2,          6, 	      28763
iid:  1252,          7,          5, 	      28714
iid:  1253,          4,          5, 	      26774
iid:  1254,          7,          6, 	      28064
iid:  1255,          5,          5, 	      28968
iid:  1256,          8,          5, 	      30313
iid:  1257,          5,          4, 	      28369
iid:  1258,          7,          6, 	      30293
iid:  1259,          6,          4, 	      29207
iid:  1260,          6,          5, 	      29379
iid:  1261,          7,          5, 	      31530
iid:  1262,          5,          5, 	      28103
iid:  1263,          4,          6, 	      28497
iid:  1264,          8,          4, 	      27033
iid:  1265,          5,          5, 	      28525
iid:  1266,          7,          5, 	      30468
iid:  1267,          5,          5, 	      29673
iid:  1268,          7,          4, 	      30562
iid:  1269,          4,          6, 	      27802
iid:  1270,          8,          5, 	      29476
iid:  1271,          4,          5, 	      28166
iid:  1272,          4,          5, 	      27529
iid:  1273,          8,          5, 	      27742
iid:  1274,          8,          5, 	      28822
iid:  1275,          4,          7, 	      27395
iid:  1276,          9,          4, 	      27525
iid:  1277,          4,          5, 	      29121
iid:  1278,          7,          5, 	      28568
iid:  1279,          4,          5, 	      27429
iid:  1280,          8,          5, 	      29146
iid:  1281,          6,          3, 	      27701
iid:  1282,          2,          5, 	      26692
iid:  1283,          8,          5, 	      30282
iid:  1284,          4,          5, 	      26759
iid:  1285,          7,          6, 	      32214
iid:  1286,          5,          4, 	      26823
iid:  1287,          4,          6, 	      27803
iid:  1288,          8,          5, 	      25987
iid:  1289,          6,          5, 	      26858
iid:  1290,          7,          5, 	      26266
iid:  1291,          8,          4, 	      29418
iid:  1292,          5,          5, 	      31804
iid:  1293,          7,          5, 	      28763
iid:  1294,          5,          6, 	      30297
iid:  1295,          7,          5, 	      32724
iid:  1296,          5,          3, 	      30356
iid:  1297,          2,          5, 	      29954
iid:  1298,          7,          4, 	      32640
iid:  1299,          5,          6, 	      30048
iid:  1300,          6,          5, 	      32233
iid:  1301,          4,          5, 	      29660
iid:  1302,          9,          5, 	      31888
iid:  1303,          4,          4, 	      30408
iid:  1304,          4,          6, 	      28399
iid:  1305,         10,          6, 	      27298
iid:  1306,          7,          3, 	      29702
iid:  1307,          2,          4, 	      29267
iid:  1308,          8,          6, 	      29145
iid:  1309,          5,          5, 	      28337
iid:  1310,          6,          5, 	      27983
iid:  1311,          5,          5, 	      28972
iid:  1312,          2,          4, 	      28059
iid:  1313,          7,          4, 	      27631
iid:  1314,          6,          6, 	      27807
iid:  1315,          6,          4, 	      27831
iid:  1316,          5,          5, 	      26411
iid:  1317,          8,          6, 	      29351
iid:  1318,          4,          4, 	      25747
iid:  1319,          8,          5, 	      29267
iid:  1320,          6,          4, 	      28887
iid:  1321,          6,          5, 	      29011
iid:  1322,          6,          6, 	      31157
iid:  1323,          4,          4, 	      27362
iid:  1324,          7,          5, 	      28816
iid:  1325,          6,          5, 	      31235
iid:  1326,          4,          5, 	      26232
iid:  1327,          9,          5, 	      31002
iid:  1328,          4,          5, 	      29726
iid:  1329,          4,          5, 	      27375
iid:  1330,          8,          5, 	      28261
iid:  1331,          6,          6, 	      27294
iid:  1332,          8,          6, 	      29148
iid:  1333,          5,          4, 	      27411
iid:  1334,          7,          4, 	      30272
iid:  1335,          5,          5, 	      27468
iid:  1336,          5,          6, 	      29005
iid:  1337,          7,          4, 	      31871
iid:  1338,          4,          6, 	      26827
iid:  1339,          8,          5, 	      27077
iid:  1340,          6,          4, 	      32764
iid:  1341,          4,          4, 	      31791
iid:  1342,          9,          7, 	      30918
iid:  1343,          4,          6, 	      30780
iid:  1344,          7,          6, 	      31632
iid:  1345,          4,          3, 	      31783
iid:  1346,          2,          5, 	      31332
iid:  1347,         13,          7, 	      27798
iid:  1348,          6,          4, 	      29855
iid:  1349,          4,          3, 	      32315
iid:  1350,          2,          4, 	      32021
iid:  1351,          2,          4, 	      31308
iid:  1352,          9,          4, 	      31068
iid:  1353,          4,          6, 	      30626
iid:  1354,          6,          4, 	      31633
iid:  1355,          6,          4, 	      33971
iid:  1356,          7,          4, 	      37216
iid:  1357,          2,          6, 	      30588
iid:  1358,          8,          4, 	      26385
iid:  1359,          7,          4, 	      28637
iid:  1360,          6,          5, 	      32724
iid:  1361,          2,          4, 	      32098
iid:  1362,          4,          4, 	      28144
iid:  1363,          2,          4, 	      27417
iid:  1364,         11,          6, 	      33968
iid:  1365,          4,          6, 	      28129
iid:  1366,          4,          3, 	      31788
iid:  1367,          2,          4, 	      31134
iid:  1368,          4,          5, 	      27809
iid:  1369,         10,          6, 	      30104
iid:  1370,          7,          4, 	      27465
iid:  1371,          8,          6, 	      30337
iid:  1372,          5,          3, 	      32083
iid:  1373,          2,          6, 	      31713
iid:  1374,          4,          4, 	      26130
iid:  1375,         10,          4, 	      34145
iid:  1376,          4,          4, 	      29287
iid:  1377,          2,          4, 	      28434
iid:  1378,          4,          4, 	      30187
iid:  1379,          5,          6, 	      28482
iid:  1380,          8,          5, 	      28640
iid:  1381,          4,          5, 	      26356
iid:  1382,          7,          4, 	      28737
iid:  1383,          8,          5, 	      28192
iid:  1384,          6,          6, 	      29681
iid:  1385,          6,          5, 	      28966
iid:  1386,          7,          3, 	      27066
iid:  1387,          2,          6, 	      26718
iid:  1388,          9,          4, 	      30780
iid:  1389,          5,          3, 	      30611
iid:  1390,          2,          4, 	      30128
iid:  1391,          4,          6, 	      27799
iid:  1392,          7,          6, 	      27123
iid:  1393,          6,          5, 	      28148
iid:  1394,          6,          4, 	      29974
iid:  1395,          5,          5, 	      30652
iid:  1396,          9,          4, 	      27551
iid:  1397,          5,          7, 	      29578
iid:  1398,          9,          5, 	      31411
iid:  1399,          5,          3, 	      30273
iid:  1400,          2,          3, 	      30112
iid:  1401,          2,          5, 	      29724
iid:  1402,          8,          5, 	      31373
iid:  1403,          4,          5, 	      30862
iid:  1404,          4,          5, 	      27430
iid:  1405,          7,          5, 	      31501
iid:  1406,          4,          4, 	      28766
iid:  1407,          9,          5, 	      28287
iid:  1408,          4,          5, 	      26219
iid:  1409,          9,          4, 	      26280
iid:  1410,          6,          7, 	      29501
iid:  1411,          7,          4, 	      31186
iid:  1412,          5,          6, 	      26263
iid:  1413,          6,          3, 	      29848
iid:  1414,          2,          5, 	      29445
iid:  1415,          7,          5, 	      27962
iid:  1416,          7,          3, 	      29117
iid:  1417,          2,          4, 	      28648
iid:  1418,          5,          6, 	      25781
iid:  1419,          7,          5, 	      27199
iid:  1420,          8,          6, 	      28667
iid:  1421,          4,          5, 	      27123
iid:  1422,          4,          5, 	      25867
iid:  1423,          9,          4, 	      26209
iid:  1424,          7,          5, 	      29602
iid:  1425,          4,          5, 	      27138
iid:  1426,          9,          5, 	      28412
iid:  1427,          4,          3, 	      30026
iid:  1428,          2,          5, 	      29685
iid:  1429,          8,          5, 	      30871
iid:  1430,          4,          5, 	      28178
iid:  1431,          7,          5, 	      31217
iid:  1432,          4,          6, 	      28424
iid:  1433,          8,          4, 	      26902
iid:  1434,          4,          3, 	      27654
iid:  1435,          2,          6, 	      27211
iid:  1436,          8,          4, 	      26791
iid:  1437,          8,          6, 	      28944
iid:  1438,          5,          6, 	      29621
iid:  1439,          7,          3, 	      26944
iid:  1440,          2,          4, 	      26831
iid:  1441,          7,          5, 	      29362
iid:  1442,          5,          5, 	      30558
iid:  1443,          5,          5, 	      28593
iid:  1444,          7,          4, 	      29406
iid:  1445,          4,          4, 	      29611
iid:  1446,          6,          6, 	      26588
iid:  1447,          7,          5, 	      26718
iid:  1448,          6,          5, 	      30017
iid:  1449,          7,          4, 	      28202
iid:  1450,          4,          7, 	      27898
iid:  1451,          8,          4, 	      26775
iid:  1452,          8,          5, 	      30145
iid:  1453,          5,          6, 	      31529
iid:  1454,          7,          3, 	      29207
iid:  1455,          2,          5, 	      28809
iid:  1456,          5,          5, 	      30749
iid:  1457,          6,          6, 	      29559
iid:  1458,          7,          5, 	      30886
iid:  1459,          4,          4, 	      28040
iid:  1460,          4,          4, 	      29543
iid:  1461,          8,          6, 	      29480
iid:  1462,          7,          4, 	      26470
iid:  1463,          6,          6, 	      28749
iid:  1464,          8,          4, 	      28267
iid:  1465,          2,          4, 	      27610
iid:  1466,          7,          5, 	      27276
iid:  1467,          5,          6, 	      27880
iid:  1468,          6,          4, 	      31702
iid:  1469,          8,          4, 	      31338
iid:  1470,          2,          4, 	      30581
iid:  1471,          5,          6, 	      31660
iid:  1472,          4,          4, 	      27964
iid:  1473,          6,          5, 	      27110
iid:  1474,          6,          5, 	      27507
iid:  1475,          9,          5, 	      29340
iid:  1476,          6,          4, 	      28008
iid:  1477,          4,          6, 	      27827
iid:  1478,          9,          4, 	      29348
iid:  1479,          6,          7, 	      30203
iid:  1480,          4,          5, 	      30262
iid:  1481,          7,          4, 	      29255
iid:  1482,          4,          5, 	      28551
iid:  1483,          7,          5, 	      31621
iid:  1484,          4,          6, 	      29282
iid:  1485,          9,          4, 	      27188
iid:  1486,          4,          3, 	      28113
iid:  1487,          2,          7, 	      27692
iid:  1488,          9,          4, 	      25473
iid:  1489,          7,          4, 	      29953
iid:  1490,          4,          6, 	      30363
iid:  1491,          7,          6, 	      28658
iid:  1492,          5,          4, 	      31392
iid:  1493,          5,          5, 	      27697
iid:  1494,          6,          5, 	      29052
iid:  1495,          8,          3, 	      28795
iid:  1496,          2,          4, 	      28585
iid:  1497,          4,          7, 	      29610
iid:  1498,          8,          5, 	      30678
iid:  1499,          8,          4, 	      29576
iid:  1500,          4,          5, 	      29744
iid:  1501,          4,          6, 	      29875
iid:  1502,          7,          4, 	      31953
iid:  1503,          7,          5, 	      30394
iid:  1504,          6,          5, 	      30084
iid:  1505,          8,          6, 	      27495
iid:  1506,          7,          5, 	      29924
iid:  1507,          5,          5, 	      30530
iid:  1508,          5,          5, 	      30124
iid:  1509,          6,          5, 	      29014
iid:  1510,          6,          4, 	      27221
iid:  1511,          7,          6, 	      31022
iid:  1512,          4,          4, 	      29546
iid:  1513,          6,          4, 	      27429
iid:  1514,          4,          6, 	      35282
iid:  1515,          6,          6, 	      30037
iid:  1516,          7,          5, 	      26555
iid:  1517,          6,          4, 	      29308
iid:  1518,         10,          5, 	      35800
iid:  1519,          5,          7, 	      36433
iid:  1520,          7,          4, 	      26095
iid:  1521,          6,          6, 	      29082
iid:  1522,          6,          4, 	      31759
iid:  1523,          2,          4, 	      31210
iid:  1524,          7,          4, 	      28895
iid:  1525,          5,          4, 	      31817
iid:  1526,          2,          4, 	      31305
iid:  1527,          4,          6, 	      28131
iid:  1528,          8,          5, 	      29152
iid:  1529,          4,          4, 	      28219
iid:  1530,          9,          6, 	      26726
iid:  1531,          4,          5, 	      27897
iid:  1532,          8,          4, 	      25636
iid:  1533,          7,          7, 	      28041
iid:  1534,          5,          4, 	      28616
iid:  1535,          8,          5, 	      28545
iid:  1536,          6,          3, 	      31452
iid:  1537,          2,          6, 	      31057
iid:  1538,          7,          4, 	      31567
iid:  1539,          4,          5, 	      27046
iid:  1540,          6,          5, 	      31316
iid:  1541,          4,          5, 	      27811
iid:  1542,          5,          5, 	      27169
iid:  1543,          8,          4, 	      29970
iid:  1544,          4,          6, 	      27224
iid:  1545,         10,          4, 	      30273
iid:  1546,          7,          4, 	      29295
iid:  1547,          2,          5, 	      28481
iid:  1548,          7,          5, 	      28406
iid:  1549,          5,          6, 	      30973
iid:  1550,          5,          4, 	      27981
iid:  1551,          5,          6, 	      27263
iid:  1552,          9,          4, 	      30613
iid:  1553,          5,          3, 	      30916
iid:  1554,          2,          6, 	      30103
iid:  1555,          7,          4, 	      28692
iid:  1556,          7,          3, 	      28149
iid:  1557,          2,          7, 	      27510
iid:  1558,          6,          4, 	      26176
iid:  1559,          9,          4, 	      29777
iid:  1560,          4,          6, 	      30072
iid:  1561,          4,          6, 	      26072
iid:  1562,          7,          4, 	      30338
iid:  1563,          8,          3, 	      28793
iid:  1564,          2,          6, 	      28222
iid:  1565,          4,          4, 	      25863
iid:  1566,          8,          4, 	      28938
iid:  1567,          4,          7, 	      28416
iid:  1568,          7,          5, 	      29321
iid:  1569,          5,          4, 	      25806
iid:  1570,          8,          4, 	      29429
iid:  1571,          4,          7, 	      30930
iid:  1572,          8,          4, 	      29272
iid:  1573,          6,          6, 	      25945
iid:  1574,          6,          3, 	      29106
iid:  1575,          2,          4, 	      28731
iid:  1576,          9,          5, 	      31868
iid:  1577,          4,          5, 	      31338
iid:  1578,          6,          4, 	      32188
iid:  1579,          4,          7, 	      29501
iid:  1580,          7,          4, 	      28418
iid:  1581,          4,          5, 	      29538
iid:  1582,          8,          5, 	      30542
iid:  1583,          8,          6, 	      31421
iid:  1584,          6,          4, 	      25938
iid:  1585,          7,          4, 	      28440
iid:  1586,          6,          5, 	      30106
iid:  1587,          2,          6, 	      29341
iid:  1588,          7,          4, 	      30638
iid:  1589,          6,          5, 	      31031
iid:  1590,          4,          5, 	      29074
iid:  1591,          4,          5, 	      30784
iid:  1592,          4,          5, 	      27649
iid:  1593,         10,          4, 	      30222
iid:  1594,          4,          6, 	      26165
iid:  1595,          8,          5, 	      26387
iid:  1596,          9,          4, 	      28326
iid:  1597,          4,          6, 	      30918
iid:  1598,          7,          6, 	      28210
iid:  1599,          4,          4, 	      28263
iid:  1600,          7,          4, 	      33139
iid:  1601,          5,          5, 	      30986
iid:  1602,          2,          4, 	      29892
iid:  1603,          7,          4, 	      31468
iid:  1604,          4,          6, 	      30899
iid:  1605,          8,          5, 	      27862
iid:  1606,          4,          6, 	      28188
iid:  1607,          9,          4, 	      31444
iid:  1608,          4,          3, 	      28815
iid:  1609,          2,          6, 	      28139
iid:  1610,          8,          6, 	      26616
iid:  1611,          9,          3, 	      28805
iid:  1612,          2,          5, 	      28639
iid:  1613,          5,          4, 	      28770
iid:  1614,          2,          4, 	      27959
iid:  1615,          8,          5, 	      28074
iid:  1616,          4,          6, 	      26558
iid:  1617,          8,          5, 	      25708
iid:  1618,          8,          3, 	      28227
iid:  1619,          2,          5, 	      27852
iid:  1620,          7,          4, 	      29509
iid:  1621,          5,          4, 	      28749
iid:  1622,          2,          4, 	      27874
iid:  1623,          5,          5, 	      27720
iid:  1624,          6,          5, 	      27362
iid:  1625,          6,          4, 	      26821
iid:  1626,          5,          6, 	      29195
iid:  1627,          8,          4, 	      28586
iid:  1628,          6,          4, 	      28677
iid:  1629,          7,          6, 	      31059
iid:  1630,          4,          4, 	      26523
iid:  1631,          7,          5, 	      28394
iid:  1632,          5,          6, 	      29430
iid:  1633,          7,          4, 	      29388
iid:  1634,          4,          5, 	      27878
iid:  1635,          5,          4, 	      29262
iid:  1636,          7,          6, 	      29280
iid:  1637,          4,          5, 	      26073
iid:  1638,          8,          5, 	      27297
iid:  1639,          7,          5, 	      27474
iid:  1640,          4,          5, 	      29536
iid:  1641,         10,          5, 	      27356
iid:  1642,          4,          7, 	      27788
iid:  1643,          8,          4, 	      26991
iid:  1644,          8,          5, 	      32960
iid:  1645,          5,          5, 	      31717
iid:  1646,          2,          5, 	      30865
iid:  1647,          7,          4, 	      30174
iid:  1648,          4,          5, 	      29461
iid:  1649,          4,          4, 	      27868
iid:  1650,          7,          6, 	      32116
iid:  1651,          4,          4, 	      26133
iid:  1652,          9,          5, 	      29449
iid:  1653,          4,          6, 	      26497
iid:  1654,         10,          4, 	      28031
iid:  1655,          7,          6, 	      29734
iid:  1656,          4,          5, 	      30229
iid:  1657,          7,          6, 	      26883
iid:  1658,          7,          3, 	      29337
iid:  1659,          2,          3, 	      28966
iid:  1660,          2,          6, 	      28376
iid:  1661,          6,          4, 	      31396
iid:  1662,          4,          4, 	      26993
iid:  1663,          7,          5, 	      28119
iid:  1664,          4,          7, 	      28483
iid:  1665,          9,          4, 	      27939
iid:  1666,          6,          3, 	      28958
iid:  1667,          2,          5, 	      28422
iid:  1668,          7,          6, 	      25899
iid:  1669,          8,          3, 	      29243
iid:  1670,          2,          5, 	      28848
iid:  1671,          7,          5, 	      28711
iid:  1672,          6,          3, 	      29259
iid:  1673,          2,          4, 	      28587
iid:  1674,          6,          7, 	      30968
iid:  1675,          8,          4, 	      31538
iid:  1676,          4,          3, 	      30533
iid:  1677,          2,          5, 	      29905
iid:  1678,          5,          6, 	      25871
iid:  1679,          8,          4, 	      27294
iid:  1680,          7,          4, 	      29413
iid:  1681,          2,          4, 	      28703
iid:  1682,          7,          5, 	      28572
iid:  1683,          4,          5, 	      28002
iid:  1684,          7,          5, 	      28818
iid:  1685,          4,          5, 	      26821
iid:  1686,          8,          3, 	      28171
iid:  1687,          2,          4, 	      27701
iid:  1688,          8,          6, 	      32988
iid:  1689,          4,          4, 	      26167
iid:  1690,          7,          5, 	      28897
iid:  1691,          5,          6, 	      30862
iid:  1692,          7,          5, 	      29118
iid:  1693,          4,          4, 	      28793
iid:  1694,          6,          4, 	      28875
iid:  1695,          4,          5, 	      28278
iid:  1696,          9,          6, 	      28269
iid:  1697,          4,          5, 	      27740
iid:  1698,         10,          5, 	      27573
iid:  1699,          6,          4, 	      29628
iid:  1700,          6,          6, 	      32173
iid:  1701,          7,          4, 	      28304
iid:  1702,          4,          4, 	      29938
iid:  1703,          5,          7, 	      31790
iid:  1704,          7,          5, 	      28289
iid:  1705,          5,          5, 	      29118
iid:  1706,          5,          4, 	      28748
iid:  1707,          9,          6, 	      32969
iid:  1708,          4,          5, 	      28263
iid:  1709,          4,          5, 	      27832
iid:  1710,          8,          5, 	      28440
iid:  1711,          4,          5, 	      27344
iid:  1712,          9,          7, 	      28631
iid:  1713,          9,          3, 	      28839
iid:  1714,          2,          4, 	      28426
iid:  1715,          7,          5, 	      30566
iid:  1716,          4,          6, 	      29971
iid:  1717,          6,          4, 	      31530
iid:  1718,          4,          5, 	      28792
iid:  1719,          5,          5, 	      31148
iid:  1720,          7,          5, 	      27371
iid:  1721,          5,          4, 	      31966
iid:  1722,          6,          5, 	      28361
iid:  1723,          9,          6, 	      25865
iid:  1724,          4,          6, 	      28233
iid:  1725,          9,          4, 	      25561
iid:  1726,          9,          5, 	      31171
iid:  1727,          4,          3, 	      32821
iid:  1728,          2,          8, 	      32335
iid:  1729,          7,          4, 	      30940
iid:  1730,          4,          4, 	      29726
iid:  1731,          6,          5, 	      31085
iid:  1732,          4,          5, 	      30357
iid:  1733,          4,          4, 	      27208
iid:  1734,          9,          5, 	      29813
iid:  1735,          4,          6, 	      26081
iid:  1736,          9,          4, 	      29667
iid:  1737,          8,          5, 	      28315
iid:  1738,          2,          6, 	      27289
iid:  1739,          7,          3, 	      27659
iid:  1740,          2,          6, 	      27108
iid:  1741,          7,          3, 	      28643
iid:  1742,          2,          3, 	      28438
iid:  1743,          2,          5, 	      27925
iid:  1744,          8,          4, 	      31926
iid:  1745,          4,          6, 	      27940
iid:  1746,          6,          4, 	      29720
iid:  1747,          5,          4, 	      30342
iid:  1748,          8,          5, 	      30977
iid:  1749,          4,          4, 	      27178
iid:  1750,          5,          5, 	      29536
iid:  1751,          9,          6, 	      26701
iid:  1752,          8,          4, 	      29488
iid:  1753,          4,          4, 	      31975
iid:  1754,          4,          4, 	      26826
iid:  1755,          9,          6, 	      31132
iid:  1756,          4,          6, 	      26372
iid:  1757,          8,          6, 	      27179
iid:  1758,          8,          3, 	      32456
iid:  1759,          2,          4, 	      28503
iid:  1760,          4,          6, 	      29095
iid:  1761,          7,          5, 	      30459
iid:  1762,          4,          5, 	      27829
iid:  1763,          7,          6, 	      30431
iid:  1764,          4,          4, 	      29466
iid:  1765,          5,          5, 	      26094
iid:  1766,          8,          4, 	      31735
iid:  1767,          5,          6, 	      26942
iid:  1768,          8,          6, 	      26471
iid:  1769,          4,          3, 	      28528
iid:  1770,          2,          4, 	      28017
iid:  1771,         10,          6, 	      26864
iid:  1772,          6,          5, 	      28053
iid:  1773,          7,          6, 	      28654
iid:  1774,          6,          3, 	      30325
iid:  1775,          2,          4, 	      29942
iid:  1776,          7,          4, 	      29767
iid:  1777,          4,          6, 	      28919
iid:  1778,          5,          5, 	      26252
iid:  1779,          6,          5, 	      28145
iid:  1780,          4,          4, 	      27680
iid:  1781,         10,          4, 	      32613
iid:  1782,          4,          6, 	      28064
iid:  1783,          9,          4, 	      27328
iid:  1784,          6,          5, 	      29670
iid:  1785,          2,          6, 	      29004
iid:  1786,          7,          5, 	      27746
iid:  1787,          7,          3, 	      30155
iid:  1788,          2,          5, 	      29591
iid:  1789,          7,          6, 	      29616
iid:  1790,          5,          4, 	      29928
iid:  1791,          6,          4, 	      28457
iid:  1792,          4,          6, 	      27869
iid:  1793,          8,          4, 	      28879
iid:  1794,          4,          5, 	      28648
iid:  1795,          8,          4, 	      29105
iid:  1796,          4,          5, 	      27451
iid:  1797,          6,          4, 	      29005
iid:  1798,          7,          6, 	      28488
iid:  1799,          7,          6, 	      28036
iid:  1800,          4,          5, 	      28266
iid:  1801,          8,          4, 	      28327
iid:  1802,          5,          4, 	      28009
iid:  1803,          2,          6, 	      27204
iid:  1804,          8,          4, 	      30515
iid:  1805,          7,          6, 	      30055
iid:  1806,          5,          4, 	      29415
iid:  1807,          4,          5, 	      26849
iid:  1808,          4,          5, 	      27709
iid:  1809,          8,          4, 	      28108
iid:  1810,          4,          6, 	      27624
iid:  1811,         11,          4, 	      29128
iid:  1812,          5,          5, 	      28853
iid:  1813,          7,          7, 	      31677
iid:  1814,          5,          4, 	      26081
iid:  1815,          8,          6, 	      30643
iid:  1816,          4,          4, 	      28557
iid:  1817,          7,          6, 	      32593
iid:  1818,          4,          5, 	      29400
iid:  1819,          8,          4, 	      28763
iid:  1820,          4,          5, 	      28707
iid:  1821,          7,          5, 	      29666
iid:  1822,          4,          5, 	      27111
iid:  1823,          8,          5, 	      30799
iid:  1824,          4,          7, 	      29807
iid:  1825,          8,          4, 	      26914
iid:  1826,          5,          4, 	      31309
iid:  1827,          4,          5, 	      29006
iid:  1828,          8,          6, 	      39282
iid:  1829,          9,          5, 	      35165
iid:  1830,          4,          4, 	      36403
iid:  1831,          4,          4, 	      32026
iid:  1832,          4,          7, 	      32471
iid:  1833,          8,          4, 	      30220
iid:  1834,          2,          6, 	      29418
iid:  1835,          7,          5, 	      32465
iid:  1836,          5,          6, 	      28089
iid:  1837,          7,          3, 	      42077
iid:  1838,          2,          4, 	      41798
iid:  1839,          2,          5, 	      41162
iid:  1840,         15,          4, 	      37773
iid:  1841,          5,          3, 	      39636
iid:  1842,          2,          6, 	      39231
iid:  1843,          2,          3, 	      38543
iid:  1844,          2,          4, 	      38315
iid:  1845,          8,          3, 	      40162
iid:  1846,          2,          5, 	      39640
iid:  1847,          4,          4, 	      25857
i