iid:     9,          6,          5, 	      35016
iid:    10,          5,          4, 	      46785
iid:    11,          7,          4, 	      58133
iid:    12,          4,          4, 	      59523
iid:    13,         12,          4, 	      73548
iid:    14,         14,          3, 	      75452
iid:    15,          2,          3, 	      74923
iid:    16,          2,          3, 	      74404
iid:    17,          2,          4, 	      72695
iid:    18,          7,          5, 	      84863
iid:    19,          4,          4, 	      58694
iid:    20,          2,          5, 	      43849
iid:    21,          2,          3, 	      29084
iid:    22,          2,          7, 	      27287
iid:    23,         14,          6, 	      25793
iid:    24,          8,          4, 	      23594
iid:    25,          6,          3, 	      24710
iid:    26,          2,          3, 	      24362
iid:    27,          2,          5, 	      24131
iid:    28,         14,          4, 	      23405
iid:    29,          5,          4, 	      25569
iid:    30,          5,          3, 	      25653
iid:    31,          2,          3, 	      25292
iid:    32,          2,          3, 	      23388
iid:    33,          2,          6, 	      20075
iid:    34,         27,          5, 	      25936
iid:    35,          4,          3, 	      23672
iid:    36,          2,          3, 	      23219
iid:    37,          2,          6, 	      22834
iid:    38,         15,          4, 	      29444
iid:    39,          6,          6, 	      22498
iid:    40,          8,          4, 	      18571
iid:    41,         14,          3, 	      29848
iid:    42,          2,          4, 	      24007
iid:    43,          4,          3, 	      24762
iid:    44,          2,          4, 	      20251
iid:    45,         15,          3, 	      31358
iid:    46,          2,          5, 	      30963
iid:    47,          2,          6, 	      30379
iid:    48,          6,          4, 	      26223
iid:    49,          7,          4, 	      22294
iid:    50,          9,          7, 	      27747
iid:    51,         16,          5, 	      23678
iid:    52,         11,          6, 	      26625
iid:    53,         16,          3, 	      29259
iid:    54,          2,          4, 	      28383
iid:    55,          8,          3, 	      30121
iid:    56,          2,          3, 	      29277
iid:    57,          2,          4, 	      28922
iid:    58,          7,          6, 	      34929
iid:    59,          4,          3, 	      23608
iid:    60,          2,          4, 	      23476
iid:    61,          6,          4, 	      20105
iid:    62,         11,          6, 	      21217
iid:    63,         16,          7, 	      26591
iid:    64,          8,          4, 	      23737
iid:    65,          4,          6, 	      23721
iid:    66,         24,          4, 	      25950
iid:    67,         10,          4, 	      28852
iid:    68,         11,          4, 	      33982
iid:    69,          2,          3, 	      33422
iid:    70,          2,          3, 	      33050
iid:    71,          2,          3, 	      32572
iid:    72,          2,          5, 	      31773
iid:    73,          2,          4, 	      25673
iid:    74,          5,          4, 	      21371
iid:    75,         12,          5, 	      37180
iid:    76,          4,          5, 	      30037
iid:    77,          4,          6, 	      21904
iid:    78,         27,          4, 	      20372
iid:    79,         10,          3, 	      25379
iid:    80,          2,          7, 	      24910
iid:    81,          5,          4, 	      23223
iid:    82,         12,          3, 	      31610
iid:    83,          2,          4, 	      30695
iid:    84,          5,          3, 	      31206
iid:    85,          2,          3, 	      24551
iid:    86,          2,          3, 	      23395
iid:    87,          2,          5, 	      22612
iid:    88,         19,          9, 	      30849
iid:    89,          9,          4, 	      25716
iid:    90,          6,          4, 	      22755
iid:    91,          5,          4, 	      23245
iid:    92,         17,          5, 	      21710
iid:    93,         14,          3, 	      27497
iid:    94,          2,          4, 	      27052
iid:    95,          6,          3, 	      29219
iid:    96,          2,          3, 	      28130
iid:    97,          2,          4, 	      26494
iid:    98,          2,          7, 	      24945
iid:    99,         17,          4, 	      26284
iid:   100,          4,          3, 	      25071
iid:   101,          2,          4, 	      24163
iid:   102,          4,          6, 	      20453
iid:   103,         15,          7, 	      23852
iid:   104,          9,          4, 	      22134
iid:   105,         14,          3, 	      24029
iid:   106,          2,          4, 	      22616
iid:   107,         11,          4, 	      32794
iid:   108,          4,          5, 	      24094
iid:   109,          4,          4, 	      23713
iid:   110,          5,          4, 	      26069
iid:   111,          5,          3, 	      28112
iid:   112,          2,          3, 	      27204
iid:   113,          2,          6, 	      23080
iid:   114,         17,          4, 	      18402
iid:   115,         14,          4, 	      32161
iid:   116,          4,         11, 	      31912
iid:   117,         16,          4, 	      22946
iid:   118,         15,          4, 	      32256
iid:   119,          7,          6, 	      24356
iid:   120,          9,          3, 	      23373
iid:   121,          2,          3, 	      22898
iid:   122,          2,          4, 	      22578
iid:   123,         13,          3, 	      32542
iid:   124,          2,          5, 	      31727
iid:   125,          4,          4, 	      25711
iid:   126,          4,          4, 	      21762
iid:   127,          4,          7, 	      20237
iid:   128,         17,          4, 	      27197
iid:   129,         15,          8, 	      24931
iid:   130,          5,          3, 	      26289
iid:   131,          2,          3, 	      22023
iid:   132,          2,          4, 	      21622
iid:   133,         17,          3, 	      24415
iid:   134,          2,          5, 	      23972
iid:   135,         13,          3, 	      28575
iid:   136,          2,          4, 	      26016
iid:   137,          4,          3, 	      25930
iid:   138,          2,          6, 	      25067
iid:   139,         16,          4, 	      29468
iid:   140,          4,          6, 	      28590
iid:   141,          4,          4, 	      20102
iid:   142,         22,          6, 	      29732
iid:   143,         10,          4, 	      32047
iid:   144,          4,          4, 	      31928
iid:   145,         10,          7, 	      28891
iid:   146,          4,          3, 	      27890
iid:   147,          2,          3, 	      27378
iid:   148,          2,          4, 	      26819
iid:   149,          9,          5, 	      20634
iid:   150,         10,          3, 	      24674
iid:   151,          2,          4, 	      24364
iid:   152,          4,          8, 	      23530
iid:   153,         17,          5, 	      25994
iid:   154,         14,          6, 	      21801
iid:   155,          4,          4, 	      20932
iid:   156,         14,          3, 	      30851
iid:   157,          2,          4, 	      30426
iid:   158,         11,          4, 	      35636
iid:   159,          5,          3, 	      25895
iid:   160,          3,          4, 	      25391
iid:   161,          2,          3, 	      24092
iid:   162,          3,          6, 	      23881
iid:   163,          8,          4, 	      20350
iid:   164,          6,          4, 	      27507
iid:   165,          5,          8, 	      26702
iid:   166,         10,          4, 	      21627
iid:   167,         21,          5, 	      29918
iid:   168,          6,          4, 	      27439
iid:   169,          4,          3, 	      31617
iid:   170,          2,          5, 	      31176
iid:   171,          2,          3, 	      27918
iid:   172,          2,          4, 	      27447
iid:   173,         27,          5, 	      44109
iid:   174,          5,          3, 	      33993
iid:   175,          2,          4, 	      33147
iid:   176,          2,          4, 	      32160
iid:   177,          9,          6, 	      31876
iid:   178,         15,          4, 	      31393
iid:   179,          4,          4, 	      19926
iid:   180,         10,          3, 	      28120
iid:   181,          2,          4, 	      26641
iid:   182,          4,          7, 	      26350
iid:   183,         21,          4, 	      26231
iid:   184,          4,          4, 	      25681
iid:   185,          4,          5, 	      25710
iid:   186,          2,          4, 	      23018
iid:   187,          8,          7, 	      24956
iid:   188,         10,          4, 	      31305
iid:   189,          5,          4, 	      23345
iid:   190,         23,          3, 	      30607
iid:   191,          2,          4, 	      30269
iid:   192,          4,          8, 	      29195
iid:   193,          9,          4, 	      23461
iid:   194,          4,          3, 	      24528
iid:   195,          2,          6, 	      22827
iid:   196,          4,          4, 	      21837
iid:   197,          9,          6, 	      24939
iid:   198,         14,          4, 	      21522
iid:   199,          8,          5, 	      29001
iid:   200,          4,          6, 	      20270
iid:   201,          6,          4, 	      22057
iid:   202,         10,          6, 	      26328
iid:   203,         18,          4, 	      21074
iid:   204,          7,          6, 	      25352
iid:   205,          5,          3, 	      28464
iid:   206,          2,          3, 	      25563
iid:   207,          2,          5, 	      25216
iid:   208,          6,          5, 	      26277
iid:   209,          6,          4, 	      22780
iid:   210,         10,          5, 	      26822
iid:   211,          7,          4, 	      22399
iid:   212,         10,          5, 	      21163
iid:   213,          8,          6, 	      23971
iid:   214,          4,          7, 	      18683
iid:   215,         14,          6, 	      20599
iid:   216,         15,          4, 	      24661
iid:   217,          4,          3, 	      25693
iid:   218,          5,          6, 	      25398
iid:   219,         11,          3, 	      27977
iid:   220,          2,          4, 	      25583
iid:   221,          4,          5, 	      22464
iid:   222,         10,          3, 	      23990
iid:   223,          2,          4, 	      23464
iid:   224,          5,          5, 	      23312
iid:   225,          4,          5, 	      20564
iid:   226,         23,          5, 	      27199
iid:   227,          4,          5, 	      25074
iid:   228,          4,          7, 	      23385
iid:   229,         19,          4, 	      27836
iid:   230,          4,          4, 	      22831
iid:   231,         18,          6, 	      23643
iid:   232,          4,          4, 	      23441
iid:   233,          2,          4, 	      21998
iid:   234,         13,          4, 	      27567
iid:   235,          6,          4, 	      30361
iid:   236,          4,          5, 	      24300
iid:   237,          2,          3, 	      22124
iid:   238,          3,          4, 	      21879
iid:   239,         13,          4, 	      19868
iid:   240,         10,          8, 	      29365
iid:   241,          6,          4, 	      19599
iid:   242,         13,          6, 	      26045
iid:   243,          4,          4, 	      23074
iid:   244,         22,          5, 	      33760
iid:   245,          4,          6, 	      23314
iid:   246,          7,          4, 	      25275
iid:   247,          6,          3, 	      27164
iid:   248,          2,          6, 	      26535
iid:   249,          5,          4, 	      21564
iid:   250,         20,          4, 	      29960
iid:   251,          5,          4, 	      24181
iid:   252,          4,          3, 	      23633
iid:   253,          2,          9, 	      23070
iid:   254,         24,          4, 	      25000
iid:   255,          7,          7, 	      23623
iid:   256,          9,          3, 	      25611
iid:   257,          2,          3, 	      24840
iid:   258,          3,          3, 	      25749
iid:   259,          2,          4, 	      25420
iid:   260,         13,          5, 	      25114
iid:   261,          6,          3, 	      23012
iid:   262,          2,          3, 	      22621
iid:   263,          2,          7, 	      22195
iid:   264,         19,          4, 	      25576
iid:   265,          5,          6, 	      21288
iid:   266,         10,          4, 	      22816
iid:   267,         14,          4, 	      23835
iid:   268,          5,          3, 	      26037
iid:   269,          2,          4, 	      25959
iid:   270,         11,          5, 	      27840
iid:   271,          4,          4, 	      27527
iid:   272,          4,          3, 	      25085
iid:   273,          2,          5, 	      23607
iid:   274,          4,          7, 	      19823
iid:   275,         22,          4, 	      24394
iid:   276,          9,          8, 	      27066
iid:   277,          4,          4, 	      21494
iid:   278,         10,          3, 	      22499
iid:   279,          2,          4, 	      21762
iid:   280,         25,          3, 	      30954
iid:   281,          2,          5, 	      30457
iid:   282,          4,          4, 	      29650
iid:   283,          6,          4, 	      29730
iid:   284,          4,          5, 	      29589
iid:   285,          2,          5, 	      25596
iid:   286,          6,          4, 	      19810
iid:   287,         19,          4, 	      33381
iid:   288,         21,          6, 	      35482
iid:   289,          5,          8, 	      29283
iid:   290,         21,          4, 	      23213
iid:   291,          7,          4, 	      27441
iid:   292,          2,          4, 	      25207
iid:   293,          8,          3, 	      26146
iid:   294,          2,          4, 	      25744
iid:   295,          7,          5, 	      26483
iid:   296,          2,          3, 	      25528
iid:   297,          2,          4, 	      25249
iid:   298,          4,          4, 	      18570
iid:   299,         16,          6, 	      31739
iid:   300,          4,          5, 	      22677
iid:   301,          5,          5, 	      21207
iid:   302,         17,          5, 	      29846
iid:   303,          7,          6, 	      21537
iid:   304,         10,          4, 	      21775
iid:   305,         10,          5, 	      22566
iid:   306,          6,          4, 	      22434
iid:   307,         11,          4, 	      23210
iid:   308,          5,          5, 	      25432
iid:   309,          4,          3, 	      23695
iid:   310,          2,          5, 	      21744
iid:   311,          5,          3, 	      20986
iid:   312,          2,          8, 	      20142
iid:   313,         28,          5, 	      20754
iid:   314,          6,          5, 	      25237
iid:   315,          4,          3, 	      23247
iid:   316,          3,          6, 	      22915
iid:   317,         19,          4, 	      21341
iid:   318,          5,          5, 	      21590
iid:   319,         13,          6, 	      24563
iid:   320,          5,          4, 	      21498
iid:   321,         16,          4, 	      28138
iid:   322,          4,          3, 	      29073
iid:   323,          2,          3, 	      28725
iid:   324,          2,          3, 	      21936
iid:   325,          2,          5, 	      20210
iid:   326,          6,          6, 	      20573
iid:   327,         20,          5, 	      27813
iid:   328,          4,          4, 	      25797
iid:   329,          4,          5, 	      19471
iid:   330,         10,          6, 	      22908
iid:   331,         16,          4, 	      20710
iid:   332,         14,          7, 	      24039
iid:   333,          4,          4, 	      23321
iid:   334,         16,          4, 	      29819
iid:   335,          6,          4, 	      29764
iid:   336,          2,          3, 	      23063
iid:   337,          2,          5, 	      22767
iid:   338,         18,          4, 	      32216
iid:   339,          4,          4, 	      32087
iid:   340,          2,          6, 	      28004
iid:   341,          4,          4, 	      20814
iid:   342,          4,          5, 	      18152
iid:   343,         15,          5, 	      28402
iid:   344,         10,          7, 	      20333
iid:   345,         20,          5, 	      29696
iid:   346,         10,          3, 	      31547
iid:   347,          2,          4, 	      31238
iid:   348,         10,          4, 	      23656
iid:   349,          7,          4, 	      30794
iid:   350,          2,          3, 	      29421
iid:   351,          3,          5, 	      26920
iid:   352,          8,          4, 	      25232
iid:   353,          6,          4, 	      22446
iid:   354,          4,          7, 	      21579
iid:   355,         19,          4, 	      26339
iid:   356,          7,          5, 	      25153
iid:   357,          4,          5, 	      24144
iid:   358,         23,          6, 	      34217
iid:   359,          9,          4, 	      24965
iid:   360,          7,          3, 	      26726
iid:   361,          2,          5, 	      25596
iid:   362,          5,          5, 	      23774
iid:   363,          2,          4, 	      23014
iid:   364,          2,          4, 	      21930
iid:   365,         13,          4, 	      19822
iid:   366,         10,          5, 	      25634
iid:   367,          4,          6, 	      24412
iid:   368,         11,          5, 	      21551
iid:   369,         10,          4, 	      21114
iid:   370,         18,          4, 	      30316
iid:   371,          4,          7, 	      29560
iid:   372,         12,          4, 	      28050
iid:   373,          8,          3, 	      28335
iid:   374,          2,          6, 	      28017
iid:   375,          4,          4, 	      19799
iid:   376,          9,          3, 	      24796
iid:   377,          2,          4, 	      21602
iid:   378,          9,          6, 	      25058
iid:   379,         16,          6, 	      31404
iid:   380,          4,          5, 	      22358
iid:   381,          8,          4, 	      29608
iid:   382,         12,          6, 	      24551
iid:   383,         11,          4, 	      21955
iid:   384,         19,          3, 	      29250
iid:   385,          2,          6, 	      24188
iid:   386,          4,          6, 	      23346
iid:   387,         12,          3, 	      26159
iid:   388,          2,          4, 	      25779
iid:   389,          6,          4, 	      24892
iid:   390,          7,          5, 	      26028
iid:   391,          2,          4, 	      21956
iid:   392,         17,          4, 	      33437
iid:   393,          4,          6, 	      32409
iid:   394,          4,          7, 	      21546
iid:   395,          5,          3, 	      19343
iid:   396,          2,          4, 	      19236
iid:   397,         28,          3, 	      23040
iid:   398,          2,          6, 	      22514
iid:   399,          5,          5, 	      22772
iid:   400,          5,          3, 	      23847
iid:   401,          2,          5, 	      23209
iid:   402,         23,          4, 	      23017
iid:   403,         10,          4, 	      24193
iid:   404,          6,          3, 	      27534
iid:   405,          2,          3, 	      25801
iid:   406,          2,          7, 	      24652
iid:   407,         23,          5, 	      31802
iid:   408,          4,          5, 	      22052
iid:   409,          4,          4, 	      21983
iid:   410,          7,          5, 	      21361
iid:   411,         14,          4, 	      31630
iid:   412,          4,          5, 	      31528
iid:   413,          5,          4, 	      28826
iid:   414,         11,          3, 	      28885
iid:   415,          2,          6, 	      28458
iid:   416,          4,          8, 	      27878
iid:   417,         24,          5, 	      24502
iid:   418,          4,          4, 	      22911
iid:   419,         11,          3, 	      27618
iid:   420,          2,          4, 	      27153
iid:   421,          9,          6, 	      28716
iid:   422,          5,          3, 	      27607
iid:   423,          2,          4, 	      27155
iid:   424,          9,          6, 	      20051
iid:   425,         17,          4, 	      28706
iid:   426,          4,          5, 	      28481
iid:   427,          4,          5, 	      20535
iid:   428,         13,          5, 	      24912
iid:   429,          4,          3, 	      24028
iid:   430,          2,          5, 	      22733
iid:   431,         19,          3, 	      23640
iid:   432,          2,          7, 	      22976
iid:   433,         10,          4, 	      28591
iid:   434,         11,          3, 	      31266
iid:   435,          2,          6, 	      23291
iid:   436,          6,          4, 	      23532
iid:   437,         10,          3, 	      24526
iid:   438,          2,          5, 	      21124
iid:   439,         13,          6, 	      20102
iid:   440,         12,          3, 	      24210
iid:   441,          2,          4, 	      23593
iid:   442,          6,          7, 	      23473
iid:   443,         14,          4, 	      30269
iid:   444,          4,          4, 	      22423
iid:   445,          2,          4, 	      21440
iid:   446,         12,          4, 	      28089
iid:   447,         10,          4, 	      25270
iid:   448,          2,          5, 	      24323
iid:   449,         10,          4, 	      33397
iid:   450,        116,          5, 	     201989
iid:   451,          9,          5, 	     203497
iid:   452,          2,          4, 	     202320
iid:   453,          2,          3, 	     192330
iid:   454,          2,          5, 	     190962
iid:   455,          6,          5, 	     199995
iid:   456,          4,          4, 	     188543
iid:   457,          9,          3, 	     198171
iid:   458,          2,          4, 	     195628
iid:   459,          7,          8, 	     200047
iid:   460,          4,          4, 	      34005
iid:   461,          6,          6, 	      29499
iid:   462,          9,          4, 	      32954
iid:   463,          4,          4, 	      32604
iid:   464,          5,          3, 	      32522
iid:   465,          2,          4, 	      27332
iid:   466,         10,          5, 	      40516
iid:   467,          5,          5, 	      37147
iid:   468,          8,          3, 	      40169
iid:   469,          2,          6, 	      35440
iid:   470,          5,          4, 	      26400
iid:   471,          5,          8, 	      28903
iid:   472,          8,          4, 	      28171
iid:   473,          5,          3, 	      29018
iid:   474,          2,          4, 	      28654
iid:   475,          9,          6, 	      36724
iid:   476,          4,          5, 	      27583
iid:   477,          4,          6, 	      28069
iid:   478,          8,          4, 	      27078
iid:   479,          6,          4, 	      31356
iid:   480,          6,          3, 	      32875
iid:   481,          2,          6, 	      31834
iid:   482,          7,          6, 	      28226
iid:   483,          6,          4, 	      27716
iid:   484,          7,          5, 	      31635
iid:   485,          6,          5, 	      31383
iid:   486,          4,          3, 	      32045
iid:   487,          2,          5, 	      31775
iid:   488,         10,          5, 	      33701
iid:   489,          4,          6, 	      30590
iid:   490,          8,          5, 	      29887
iid:   491,          5,          3, 	      31633
iid:   492,          2,          4, 	      31477
iid:   493,          8,          4, 	      33653
iid:   494,          7,          9, 	      33418
iid:   495,          5,          4, 	      26894
iid:   496,          5,          4, 	      30178
iid:   497,          9,          3, 	      32770
iid:   498,          2,          3, 	      32153
iid:   499,          2,          5, 	      31834
iid:   500,          5,          7, 	      28386
iid:   501,          7,          4, 	      26975
iid:   502,          5,          4, 	      31926
iid:   503,          6,          3, 	      34488
iid:   504,          2,          4, 	      34070
iid:   505,          2,          6, 	      28096
iid:   506,         10,          5, 	      28843
iid:   507,          5,          4, 	      30477
iid:   508,          6,          4, 	      33362
iid:   509,          7,          3, 	      35984
iid:   510,          2,          4, 	      35518
iid:   511,          2,          6, 	      29759
iid:   512,          8,          5, 	      32073
iid:   513,          4,          3, 	      31311
iid:   514,          2,          4, 	      31191
iid:   515,         11,          4, 	      36460
iid:   516,          4,          6, 	      33229
iid:   517,          6,          5, 	      31383
iid:   518,          4,          4, 	      27928
iid:   519,          9,          5, 	      30198
iid:   520,          5,          4, 	      33165
iid:   521,          5,          3, 	      30812
iid:   522,          2,          8, 	      29519
iid:   523,          8,          4, 	      28000
iid:   524,          4,          6, 	      30115
iid:   525,          5,          4, 	      28479
iid:   526,         11,          4, 	      34921
iid:   527,          4,          4, 	      28388
iid:   528,          7,          7, 	      33610
iid:   529,          4,          4, 	      26771
iid:   530,          6,          4, 	      30204
iid:   531,          7,          5, 	      33252
iid:   532,          6,          5, 	      34852
iid:   533,          5,          7, 	      31037
iid:   534,          5,          4, 	      28829
iid:   535,          7,          5, 	      31895
iid:   536,          6,          4, 	      32377
iid:   537,          4,          5, 	      33464
iid:   538,          8,          5, 	      33912
iid:   539,          4,          5, 	      29741
iid:   540,          9,          6, 	      33189
iid:   541,          6,          5, 	      33368
iid:   542,          7,          3, 	      33137
iid:   543,          2,          5, 	      32481
iid:   544,          7,          4, 	      33677
iid:   545,          4,          8, 	      31329
iid:   546,          7,          4, 	      28775
iid:   547,          6,          4, 	      31337
iid:   548,          7,          6, 	      30923
iid:   549,          4,          5, 	      31346
iid:   550,          8,          4, 	      31906
iid:   551,          4,          6, 	      28617
iid:   552,          8,          5, 	      29446
iid:   553,          5,          4, 	      31287
iid:   554,          5,          5, 	      31471
iid:   555,          6,          5, 	      32912
iid:   556,          4,          5, 	      30435
iid:   557,          4,          7, 	      32692
iid:   558,          4,          4, 	      29502
iid:   559,         16,          4, 	      47208
iid:   560,          4,          5, 	      43070
iid:   561,          8,          6, 	      47423
iid:   562,          4,          5, 	      42316
iid:   563,          2,          3, 	      36294
iid:   564,          2,          4, 	      35857
iid:   565,          6,          5, 	      42585
iid:   566,          4,          5, 	      41303
iid:   567,         12,          3, 	      50383
iid:   568,          2,          8, 	      45008
iid:   569,          5,          4, 	      33431
iid:   570,          5,          4, 	      33743
iid:   571,         10,          6, 	      35045
iid:   572,          2,          3, 	      33325
iid:   573,          2,          4, 	      32300
iid:   574,          6,          4, 	      37840
iid:   575,          5,          4, 	      35812
iid:   576,          7,          5, 	      42440
iid:   577,          6,          3, 	      37424
iid:   578,          2,          4, 	      36548
iid:   579,          2,          6, 	      30922
iid:   580,          9,          5, 	      30345
iid:   581,          4,          4, 	      28130
iid:   582,          6,          4, 	      32074
iid:   583,          5,          5, 	      34510
iid:   584,          8,          3, 	      33746
iid:   585,          2,          6, 	      29056
iid:   586,          8,          4, 	      30478
iid:   587,          5,          5, 	      29568
iid:   588,          5,          4, 	      30965
iid:   589,          8,          5, 	      36733
iid:   590,          4,          5, 	      32236
iid:   591,          5,          5, 	      29223
iid:   592,          9,          5, 	      31259
iid:   593,          6,          5, 	      34775
iid:   594,          5,          4, 	      31301
iid:   595,          5,          5, 	      35151
iid:   596,          5,          5, 	      32346
iid:   597,          4,          7, 	      27501
iid:   598,          7,          6, 	      27598
iid:   599,          9,          5, 	      41265
iid:   600,          4,          4, 	      34676
iid:   601,          4,          5, 	      33841
iid:   602,          4,          4, 	      30794
iid:   603,         10,          7, 	      45275
iid:   604,          4,          9, 	      40991
iid:   605,         11,          4, 	      27501
iid:   606,          5,          4, 	      26634
iid:   607,          5,          3, 	      31201
iid:   608,          2,          6, 	      30767
iid:   609,         11,          3, 	      35271
iid:   610,          2,          4, 	      34931
iid:   611,          6,          4, 	      41808
iid:   612,          4,          4, 	      44813
iid:   613,         11,          4, 	      47537
iid:   614,          4,          4, 	      47059
iid:   615,          2,          5, 	      37882
iid:   616,          2,          6, 	      28041
iid:   617,          7,          5, 	      28081
iid:   618,          4,          4, 	      30544
iid:   619,          5,          3, 	      32935
iid:   620,          2,          5, 	      32662
iid:   621,         10,          4, 	      36893
iid:   622,          4,          6, 	      32025
iid:   623,          8,          5, 	      28990
iid:   624,          5,          3, 	      30090
iid:   625,          2,          4, 	      28633
iid:   626,          9,          6, 	      36968
iid:   627,          5,          6, 	      33991
iid:   628,          4,          4, 	      29322
iid:   629,          5,          4, 	      31322
iid:   630,          7,          3, 	      35588
iid:   631,          2,          4, 	      28329
iid:   632,          6,          7, 	      29318
iid:   633,          8,          4, 	      27523
iid:   634,          7,          4, 	      33121
iid:   635,          4,          5, 	      30550
iid:   636,          7,          8, 	      30590
iid:   637,          9,          5, 	      30569
iid:   638,          6,          4, 	      30144
iid:   639,          5,          4, 	      31452
iid:   640,          8,          4, 	      35471
iid:   641,          2,          4, 	      33534
iid:   642,          4,          6, 	      30917
iid:   643,          7,          6, 	      36646
iid:   644,          4,          4, 	      28981
iid:   645,          5,          4, 	      30325
iid:   646,          7,          3, 	      33853
iid:   647,          2,          8, 	      32560
iid:   648,          9,          4, 	      30587
iid:   649,          5,          5, 	      28204
iid:   650,          6,          4, 	      29370
iid:   651,          6,          4, 	      30950
iid:   652,          8,          7, 	      36292
iid:   653,          5,          4, 	      30245
iid:   654,          6,          4, 	      32509
iid:   655,          7,          5, 	      36879
iid:   656,          4,          3, 	      32128
iid:   657,          2,          5, 	      30763
iid:   658,          6,          6, 	      27695
iid:   659,          8,          6, 	      29600
iid:   660,          7,          3, 	      32416
iid:   661,          2,          5, 	      28981
iid:   662,          7,          5, 	      34849
iid:   663,          5,          5, 	      31011
iid:   664,          5,          6, 	      28054
iid:   665,          8,          5, 	      28172
iid:   666,          4,          4, 	      32343
iid:   667,          9,          4, 	      36171
iid:   668,          5,          3, 	      35378
iid:   669,          2,          8, 	      34021
iid:   670,          8,          4, 	      31130
iid:   671,          4,          4, 	      34853
iid:   672,          7,          5, 	      31435
iid:   673,          5,          3, 	      32103
iid:   674,          2,          6, 	      31403
iid:   675,          9,          4, 	      32649
iid:   676,          4,          5, 	      30604
iid:   677,          7,          5, 	      36844
iid:   678,          6,          3, 	      36194
iid:   679,          2,          4, 	      34771
iid:   680,          4,          7, 	      30682
iid:   681,         11,          4, 	      36009
iid:   682,          4,          6, 	      30895
iid:   683,          7,          4, 	      36085
iid:   684,          4,          5, 	      35650
iid:   685,          8,          7, 	      31461
iid:   686,          5,          4, 	      30429
iid:   687,          4,          4, 	      31115
iid:   688,          8,          5, 	      29503
iid:   689,          7,          4, 	      29478
iid:   690,          4,          7, 	      32553
iid:   691,          6,          4, 	      29626
iid:   692,          6,          5, 	      33060
iid:   693,          6,          5, 	      30262
iid:   694,          9,          5, 	      35146
iid:   695,          4,          5, 	      31353
iid:   696,          7,          4, 	      32274
iid:   697,          4,          6, 	      32335
iid:   698,          5,          5, 	      28415
iid:   699,          8,          5, 	      34133
iid:   700,          6,          5, 	      31527
iid:   701,          4,          6, 	      29111
iid:   702,          9,          5, 	      30161
iid:   703,          7,          5, 	      28795
iid:   704,          4,          4, 	      31176
iid:   705,          6,          5, 	      29839
iid:   706,          6,          5, 	      34403
iid:   707,          6,          5, 	      29284
iid:   708,         10,          6, 	      34559
iid:   709,          4,          4, 	      28920
iid:   710,          6,          5, 	      33649
iid:   711,          4,          5, 	      33019
iid:   712,         10,          5, 	      36233
iid:   713,          4,          5, 	      33034
iid:   714,          4,          5, 	      28786
iid:   715,          4,          5, 	      28681
iid:   716,          9,          5, 	      28651
iid:   717,          4,          5, 	      29787
iid:   718,          6,          6, 	      31575
iid:   719,          4,          4, 	      29981
iid:   720,         11,          6, 	      29240
iid:   721,          5,          6, 	      28529
iid:   722,          5,          5, 	      27073
iid:   723,          6,          5, 	      30952
iid:   724,          4,          3, 	      32715
iid:   725,          2,          6, 	      32254
iid:   726,          9,          4, 	      27651
iid:   727,          8,          4, 	      30220
iid:   728,          5,          5, 	      33554
iid:   729,          7,          5, 	      39114
iid:   730,          8,          4, 	      34098
iid:   731,          2,          4, 	      32897
iid:   732,          7,          7, 	      33864
iid:   733,          4,          4, 	      28018
iid:   734,          6,          4, 	      31150
iid:   735,          7,          5, 	      36249
iid:   736,          5,          6, 	      36093
iid:   737,          4,          4, 	      30993
iid:   738,          5,          6, 	      28982
iid:   739,          9,          5, 	      29934
iid:   740,          7,          5, 	      35980
iid:   741,          4,          5, 	      35053
iid:   742,          4,          4, 	      28122
iid:   743,          6,          6, 	      30512
iid:   744,          9,          7, 	      33562
iid:   745,          7,          4, 	      27827
iid:   746,          5,          3, 	      33266
iid:   747,          2,          4, 	      32958
iid:   748,          7,          6, 	      31579
iid:   749,          6,          6, 	      33555
iid:   750,          5,          5, 	      28194
iid:   751,          7,          4, 	      31363
iid:   752,          9,          5, 	      38150
iid:   753,          5,          3, 	      37072
iid:   754,          2,          5, 	      36250
iid:   755,          8,          6, 	      34946
iid:   756,          5,          4, 	      30291
iid:   757,          4,          7, 	      32013
iid:   758,          8,          4, 	      31531
iid:   759,          5,          4, 	      28047
iid:   760,          4,          5, 	      29687
iid:   761,          7,          5, 	      31374
iid:   762,          7,          5, 	      30037
iid:   763,          5,          6, 	      28608
iid:   764,          5,          4, 	      29141
iid:   765,          9,          5, 	      33446
iid:   766,          4,          4, 	      30459
iid:   767,          6,          7, 	      31609
iid:   768,          7,          5, 	      33682
iid:   769,          6,          4, 	      33502
iid:   770,          6,          5, 	      33857
iid:   771,          5,          5, 	      29768
iid:   772,          9,          4, 	      35224
iid:   773,          4,          6, 	      31443
iid:   774,          8,          5, 	      34816
iid:   775,          4,          5, 	      32632
iid:   776,         10,          4, 	      33898
iid:   777,          4,          6, 	      33051
iid:   778,          4,          5, 	      30797
iid:   779,          7,          6, 	      37307
iid:   780,          4,          4, 	      31309
iid:   781,          7,          6, 	      36772
iid:   782,          7,          4, 	      30486
iid:   783,          4,          7, 	      31712
iid:   784,          8,          5, 	      29433
iid:   785,          6,          4, 	      31320
iid:   786,          4,          4, 	      31804
iid:   787,          7,          6, 	      34086
iid:   788,          6,          5, 	      37012
iid:   789,          4,          6, 	      31042
iid:   790,          8,          4, 	      35361
iid:   791,          8,          5, 	      33836
iid:   792,          4,          4, 	      33964
iid:   793,          6,          5, 	      33627
iid:   794,          7,          6, 	      36095
iid:   795,          7,          4, 	      30283
iid:   796,          6,          6, 	      35534
iid:   797,          4,          5, 	      32406
iid:   798,          7,          4, 	      27119
iid:   799,          7,          6, 	      31877
iid:   800,          4,          5, 	      30162
iid:   801,          6,          5, 	      30256
iid:   802,          5,          6, 	      26958
iid:   803,          9,          4, 	      30421
iid:   804,          5,          6, 	      31275
iid:   805,          7,          6, 	      34919
iid:   806,          6,          3, 	      33989
iid:   807,          2,          6, 	      30206
iid:   808,          9,          5, 	      31816
iid:   809,          7,          5, 	      46776
iid:   810,          4,          5, 	      40808
iid:   811,          4,          4, 	      34305
iid:   812,          4,          4, 	      33863
iid:   813,          4,          5, 	      32892
iid:   814,         11,          5, 	      42846
iid:   815,          4,          5, 	      36811
iid:   816,          4,          4, 	      30852
iid:   817,          7,          8, 	      38932
iid:   818,          7,          8, 	      32550
iid:   819,         10,          4, 	      33655
iid:   820,          7,          3, 	      36068
iid:   821,          2,          6, 	      35505
iid:   822,          7,          3, 	      33524
iid:   823,          2,          4, 	      33279
iid:   824,          4,          3, 	      34009
iid:   825,          2,          4, 	      32894
iid:   826,          9,          5, 	      45266
iid:   827,          4,          3, 	      41387
iid:   828,          2,          6, 	      36484
iid:   829,          8,          5, 	      28562
iid:   830,          4,          4, 	      31774
iid:   831,          4,          5, 	      32236
iid:   832,          9,          6, 	      29044
iid:   833,          8,          4, 	      29556
iid:   834,          5,          4, 	      38030
iid:   835,          4,          3, 	      41064
iid:   836,          3,          3, 	      34820
iid:   837,          2,          5, 	      33804
iid:   838,         10,          6, 	      41730
iid:   839,          4,          4, 	      35642
iid:   840,          4,          4, 	      33441
iid:   841,         12,          6, 	      41548
iid:   842,          4,          3, 	      37740
iid:   843,          2,          6, 	      36375
iid:   844,          8,          7, 	      28028
iid:   845,          5,          4, 	      31245
iid:   846,          8,          3, 	      34147
iid:   847,          2,          6, 	      33326
iid:   848,          6,          5, 	      30243
iid:   849,          6,          4, 	      30035
iid:   850,          6,          4, 	      33376
iid:   851,          4,          4, 	      33838
iid:   852,          6,          3, 	      30897
iid:   853,          2,          7, 	      29552
iid:   854,          9,          4, 	      32371
iid:   855,          4,          5, 	      27764
iid:   856,          4,          4, 	      31344
iid:   857,          6,          5, 	      33481
iid:   858,          7,          6, 	      33460
iid:   859,          4,          5, 	      30165
iid:   860,         11,          5, 	      29689
iid:   861,          8,          5, 	      33134
iid:   862,          4,          4, 	      33062
iid:   863,          7,          5, 	      34631
iid:   864,          8,          4, 	      40221
iid:   865,          2,          6, 	      34947
iid:   866,          6,          4, 	      38240
iid:   867,          4,          4, 	      38961
iid:   868,          2,          4, 	      30499
iid:   869,          9,          6, 	      39122
iid:   870,          4,          5, 	      30434
iid:   871,          4,          6, 	      29590
iid:   872,          8,          4, 	      28519
iid:   873,          6,          5, 	      33791
iid:   874,          5,          5, 	      30226
iid:   875,          7,          4, 	      31636
iid:   876,          5,          6, 	      29107
iid:   877,          7,          4, 	      29540
iid:   878,          7,          5, 	      36390
iid:   879,          6,          5, 	      35087
iid:   880,          4,          3, 	      33837
iid:   881,          2,          5, 	      29172
iid:   882,          9,          7, 	      34696
iid:   883,          4,          5, 	      29358
iid:   884,          7,          4, 	      33866
iid:   885,          4,          5, 	      31256
iid:   886,          7,          3, 	      29034
iid:   887,          2,          6, 	      28405
iid:   888,         10,          4, 	      34081
iid:   889,          5,          5, 	      31198
iid:   890,          5,          5, 	      32624
iid:   891,          8,          4, 	      34591
iid:   892,          4,          6, 	      33844
iid:   893,          5,          6, 	      29024
iid:   894,         10,          4, 	      31847
iid:   895,          4,          4, 	      28726
iid:   896,          5,          5, 	      31469
iid:   897,          5,          6, 	      32210
iid:   898,          7,          7, 	      31594
iid:   899,          8,          4, 	      32873
iid:   900,          4,          5, 	      32391
iid:   901,          6,          5, 	      28169
iid:   902,          9,          3, 	      32234
iid:   903,          2,          4, 	      31882
iid:   904,          5,          7, 	      31302
iid:   905,          8,          4, 	      31765
iid:   906,          4,          4, 	      30637
iid:   907,          5,          5, 	      33261
iid:   908,          2,          5, 	      32133
iid:   909,         11,          4, 	      33211
iid:   910,          4,          4, 	      28341
iid:   911,          6,          6, 	      35109
iid:   912,          6,          5, 	      29258
iid:   913,          5,          3, 	      28858
iid:   914,          2,          7, 	      28366
iid:   915,         10,          6, 	      32372
iid:   916,          5,          4, 	      28880
iid:   917,          6,          4, 	      31904
iid:   918,          4,          5, 	      31627
iid:   919,          6,          4, 	      28982
iid:   920,          6,          6, 	      31912
iid:   921,          7,          4, 	      28869
iid:   922,          5,          5, 	      29930
iid:   923,          6,          4, 	      28239
iid:   924,          6,          5, 	      31389
iid:   925,          5,          6, 	      33711
iid:   926,          8,          5, 	      33472
iid:   927,          4,          7, 	      30459
iid:   928,          9,          4, 	      28580
iid:   929,          7,          5, 	      32622
iid:   930,          4,          3, 	      33993
iid:   931,          2,          5, 	      30520
iid:   932,          9,          5, 	      38705
iid:   933,          4,          6, 	      32600
iid:   934,          4,          4, 	      30520
iid:   935,          7,          5, 	      35199
iid:   936,          9,          4, 	      34855
iid:   937,          4,          4, 	      31118
iid:   938,          5,          6, 	      31465
iid:   939,          9,          7, 	      27949
iid:   940,          4,          3, 	      29427
iid:   941,          2,          6, 	      28947
iid:   942,         10,          6, 	      31634
iid:   943,          5,          5, 	      30987
iid:   944,          5,          4, 	      30687
iid:   945,          5,          5, 	      28956
iid:   946,          8,          3, 	      29118
iid:   947,          2,          5, 	      28742
iid:   948,          8,          4, 	      34027
iid:   949,          4,          5, 	      29966
iid:   950,          5,          4, 	      27409
iid:   951,          8,          5, 	      30892
iid:   952,          4,          6, 	      32291
iid:   953,          6,          5, 	      30572
iid:   954,          6,          4, 	      29655
iid:   955,          5,          6, 	      29365
iid:   956,          8,          4, 	      32350
iid:   957,          4,          5, 	      32151
iid:   958,          7,          5, 	      29521
iid:   959,          6,          5, 	      30134
iid:   960,          6,          5, 	      31327
iid:   961,          8,          5, 	      32962
iid:   962,          6,          8, 	      34384
iid:   963,          7,          4, 	      28846
iid:   964,          7,          5, 	      32030
iid:   965,          5,          5, 	      30501
iid:   966,          4,          4, 	      29701
iid:   967,          6,          5, 	      30515
iid:   968,          7,          5, 	      29083
iid:   969,          5,          4, 	      32449
iid:   970,          6,          5, 	      33626
iid:   971,          5,          6, 	      32282
iid:   972,         10,          4, 	      32477
iid:   973,          4,          6, 	      29838
iid:   974,          4,          6, 	      29598
iid:   975,         10,          4, 	      29986
iid:   976,          4,          6, 	      35170
iid:   977,          5,          4, 	      31076
iid:   978,          6,          5, 	      30229
iid:   979,         10,          5, 	      33634
iid:   980,          4,          5, 	      32605
iid:   981,          4,          5, 	      31776
iid:   982,          4,          5, 	      28273
iid:   983,         10,          4, 	      35553
iid:   984,          4,          7, 	      33619
iid:   985,          4,          5, 	      32135
iid:   986,         10,          7, 	      35445
iid:   987,          4,          3, 	      35449
iid:   988,          2,          7, 	      35195
iid:   989,         11,          5, 	      31226
iid:   990,          5,          4, 	      30086
iid:   991,          6,          4, 	      30013
iid:   992,          6,          4, 	      31751
iid:   993,          7,          3, 	      36169
iid:   994,          2,          3, 	      35137
iid:   995,          2,          6, 	      34655
iid:   996,          8,          4, 	      33163
iid:   997,          4,          5, 	      31050
iid:   998,          4,          5, 	      38436
iid:   999,          4,          4, 	      32447
iid:  1000,          6,          6, 	      29494
iid:  1001,         10,          5, 	      31126
iid:  1002,          4,          4, 	      30643
iid:  1003,         10,          6, 	      29953
iid:  1004,          9,          7, 	      40331
iid:  1005,          4,          4, 	      33268
iid:  1006,          4,          3, 	      32489
iid:  1007,          2,          7, 	      31681
iid:  1008,          8,          4, 	      34876
iid:  1009,          4,          4, 	      34441
iid:  1010,          4,          4, 	      35321
iid:  1011,          4,          4, 	      36304
iid:  1012,          4,          8, 	      35319
iid:  1013,         10,          4, 	      30337
iid:  1014,         11,          6, 	      29942
iid:  1015,          6,          4, 	      32772
iid:  1016,          4,          5, 	      36472
iid:  1017,          7,          6, 	      39974
iid:  1018,          7,          3, 	      36165
iid:  1019,          2,          4, 	      34485
iid:  1020,          6,          5, 	      32307
iid:  1021,          4,          3, 	      34125
iid:  1022,          2,          4, 	      32961
iid:  1023,          9,          6, 	      38256
iid:  1024,          6,          5, 	      31703
iid:  1025,          4,          6, 	      28763
iid:  1026,         10,          5, 	      34875
iid:  1027,          4,          6, 	      30188
iid:  1028,          6,          4, 	      33743
iid:  1029,          7,          5, 	      34109
iid:  1030,          6,          4, 	      31137
iid:  1031,          5,          6, 	      35910
iid:  1032,          5,          4, 	      32904
iid:  1033,          6,          3, 	      34947
iid:  1034,          2,          4, 	      28834
iid:  1035,          6,          8, 	      31452
iid:  1036,          9,          5, 	      30295
iid:  1037,          4,          4, 	      28094
iid:  1038,          5,          5, 	      29881
iid:  1039,          9,          4, 	      32815
iid:  1040,          2,          6, 	      31707
iid:  1041,          8,          4, 	      32534
iid:  1042,          6,          5, 	      30265
iid:  1043,          5,          4, 	      33121
iid:  1044,          5,          3, 	      32758
iid:  1045,          2,          6, 	      32314
iid:  1046,          7,          5, 	      29424
iid:  1047,          8,          4, 	      31162
iid:  1048,          4,          5, 	      30904
iid:  1049,          5,          4, 	      29439
iid:  1050,          9,          4, 	      35818
iid:  1051,          4,          8, 	      32492
iid:  1052,          4,          5, 	      32754
iid:  1053,          9,          4, 	      30464
iid:  1054,          6,          6, 	      35099
iid:  1055,          4,          3, 	      34084
iid:  1056,          2,          7, 	      32916
iid:  1057,         10,          3, 	      32690
iid:  1058,          2,          5, 	      32194
iid:  1059,          8,          4, 	      35041
iid:  1060,          5,          5, 	      34207
iid:  1061,          5,          5, 	      31487
iid:  1062,          4,          5, 	      29272
iid:  1063,         10,          3, 	      31371
iid:  1064,          2,          5, 	      29351
iid:  1065,          5,          4, 	      32548
iid:  1066,          5,          5, 	      33395
iid:  1067,          4,          4, 	      30538
iid:  1068,          6,          7, 	      32317
iid:  1069,         11,          5, 	      33300
iid:  1070,          5,          4, 	      29870
iid:  1071,          7,          5, 	      27897
iid:  1072,          6,          4, 	      31754
iid:  1073,          4,          3, 	      31959
iid:  1074,          2,          8, 	      31524
iid:  1075,         10,          5, 	      33794
iid:  1076,          4,          4, 	      29264
iid:  1077,          4,          5, 	      27948
iid:  1078,          5,          5, 	      27806
iid:  1079,         11,          5, 	      29594
iid:  1080,          5,          5, 	      32609
iid:  1081,          4,          5, 	      31874
iid:  1082,          9,          5, 	      28328
iid:  1083,          6,          3, 	      32928
iid:  1084,          2,          6, 	      32578
iid:  1085,          5,          4, 	      32657
iid:  1086,          7,          4, 	      30305
iid:  1087,          4,          5, 	      28026
iid:  1088,          9,          6, 	      34818
iid:  1089,          4,          5, 	      30569
iid:  1090,          7,          4, 	      31529
iid:  1091,          4,          4, 	      28689
iid:  1092,          6,          7, 	      28723
iid:  1093,          7,          5, 	      30308
iid:  1094,          4,          4, 	      27677
iid:  1095,         11,          6, 	      29365
iid:  1096,          4,          3, 	      31826
iid:  1097,          2,          5, 	      31464
iid:  1098,          7,          5, 	      32120
iid:  1099,          6,          5, 	      33662
iid:  1100,          4,          5, 	      29914
iid:  1101,          8,          6, 	      32212
iid:  1102,          7,          5, 	      33337
iid:  1103,          4,          4, 	      28476
iid:  1104,          9,          5, 	      34870
iid:  1105,          4,          5, 	      36236
iid:  1106,          5,          5, 	      28767
iid:  1107,          9,          5, 	      33539
iid:  1108,          4,          5, 	      29154
iid:  1109,          5,          4, 	      27669
iid:  1110,          6,          7, 	      31558
iid:  1111,          9,          4, 	      28869
iid:  1112,          5,          3, 	      30506
iid:  1113,          2,          6, 	      28308
iid:  1114,          5,          6, 	      28923
iid:  1115,          8,          3, 	      30248
iid:  1116,          2,          6, 	      29183
iid:  1117,          6,          4, 	      30172
iid:  1118,          4,          5, 	      28694
iid:  1119,          9,          4, 	      29554
iid:  1120,          6,          6, 	      32913
iid:  1121,          6,          5, 	      27174
iid:  1122,          7,          4, 	      30642
iid:  1123,          5,          3, 	      31130
iid:  1124,          2,          6, 	      30616
iid:  1125,          9,          6, 	      32005
iid:  1126,          4,          4, 	      28433
iid:  1127,          5,          4, 	      32199
iid:  1128,          6,          5, 	      31791
iid:  1129,          4,          4, 	      29360
iid:  1130,          8,          7, 	      32115
iid:  1131,          8,          5, 	      31338
iid:  1132,          5,          5, 	      28751
iid:  1133,          7,          5, 	      31109
iid:  1134,          6,          4, 	      30035
iid:  1135,          5,          3, 	      32395
iid:  1136,          2,          7, 	      31804
iid:  1137,          8,          4, 	      32047
iid:  1138,          4,          5, 	      27817
iid:  1139,          4,          4, 	      30133
iid:  1140,          7,          5, 	      33602
iid:  1141,          7,          5, 	      28832
iid:  1142,          6,          6, 	      31725
iid:  1143,         10,          5, 	      33212
iid:  1144,          5,          4, 	      32333
iid:  1145,          6,          4, 	      33114
iid:  1146,          2,          6, 	      31354
iid:  1147,          8,          5, 	      32194
iid:  1148,          4,          6, 	      34744
iid:  1149,          4,          4, 	      30375
iid:  1150,          8,          4, 	      32098
iid:  1151,          5,          4, 	      31987
iid:  1152,          4,          7, 	      30864
iid:  1153,         10,          4, 	      32732
iid:  1154,          5,          5, 	      30604
iid:  1155,          4,          5, 	      30034
iid:  1156,          6,          5, 	      26942
iid:  1157,         10,          5, 	      35594
iid:  1158,          4,          6, 	      31591
iid:  1159,          6,          4, 	      32145
iid:  1160,          4,          5, 	      33337
iid:  1161,          8,          4, 	      35316
iid:  1162,          4,          5, 	      33885
iid:  1163,          2,          7, 	      30323
iid:  1164,         12,          5, 	      28806
iid:  1165,          5,          4, 	      31000
iid:  1166,          7,          4, 	      34404
iid:  1167,          4,          3, 	      35264
iid:  1168,          2,          7, 	      34891
iid:  1169,          6,          4, 	      28924
iid:  1170,          9,          5, 	      35776
iid:  1171,          4,          4, 	      30281
iid:  1172,          6,          3, 	      37191
iid:  1173,          2,          7, 	      36029
iid:  1174,         10,          5, 	      31809
iid:  1175,          4,          5, 	      31227
iid:  1176,          4,          6, 	      29507
iid:  1177,          9,          4, 	      29389
iid:  1178,          6,          4, 	      33652
iid:  1179,          5,          5, 	      33196
iid:  1180,          5,          3, 	      30980
iid:  1181,          2,          5, 	      30545
iid:  1182,          9,          6, 	      32836
iid:  1183,          4,          4, 	      29006
iid:  1184,          4,          5, 	      29167
iid:  1185,          6,          4, 	      27903
iid:  1186,          7,          5, 	      28641
iid:  1187,          4,          6, 	      28199
iid:  1188,          9,          6, 	      32864
iid:  1189,          8,          5, 	      30294
iid:  1190,          7,          4, 	      33863
iid:  1191,          4,          5, 	      32229
iid:  1192,          7,          3, 	      35740
iid:  1193,          2,          7, 	      32445
iid:  1194,          7,          4, 	      29797
iid:  1195,          7,          4, 	      34693
iid:  1196,          4,          5, 	      31469
iid:  1197,          4,          4, 	      30826
iid:  1198,         10,          6, 	      36494
iid:  1199,          4,          5, 	      30621
iid:  1200,          5,          5, 	      31973
iid:  1201,          4,          5, 	      27942
iid:  1202,          7,          6, 	      30356
iid:  1203,          4,          5, 	      30375
iid:  1204,          9,          5, 	      31171
iid:  1205,          8,          5, 	      29955
iid:  1206,          6,          4, 	      30829
iid:  1207,          6,          6, 	      34824
iid:  1208,          6,          3, 	      32618
iid:  1209,          2,          5, 	      31341
iid:  1210,          9,          5, 	      34422
iid:  1211,          4,          5, 	      34193
iid:  1212,          4,          5, 	      31227
iid:  1213,          4,          4, 	      27575
iid:  1214,          7,          5, 	      28217
iid:  1215,          8,          5, 	      31701
iid:  1216,          5,          6, 	      29671
iid:  1217,         10,          6, 	      29930
iid:  1218,          6,          5, 	      32192
iid:  1219,          6,          5, 	      32038
iid:  1220,          5,          4, 	      33976
iid:  1221,          5,          6, 	      33607
iid:  1222,          5,          3, 	      31069
iid:  1223,          2,          5, 	      29773
iid:  1224,          9,          4, 	      34537
iid:  1225,          4,          4, 	      30920
iid:  1226,          4,          7, 	      30257
iid:  1227,         10,          4, 	      31323
iid:  1228,          4,          7, 	      28852
iid:  1229,          8,          4, 	      31315
iid:  1230,          6,          4, 	      35776
iid:  1231,          6,          6, 	      33291
iid:  1232,          7,          5, 	      36658
iid:  1233,          6,          4, 	      39385
iid:  1234,          4,          5, 	      30973
iid:  1235,          5,          3, 	      31705
iid:  1236,          2,          6, 	      30641
iid:  1237,          8,          4, 	      27421
iid:  1238,          8,          5, 	      33818
iid:  1239,          4,          5, 	      32688
iid:  1240,          4,          5, 	      27506
iid:  1241,         11,          6, 	      33688
iid:  1242,          4,          7, 	      29231
iid:  1243,          8,          4, 	      30701
iid:  1244,          5,          6, 	      28317
iid:  1245,          6,          4, 	      31762
iid:  1246,          2,          4, 	      30789
iid:  1247,          5,          4, 	      32107
iid:  1248,          9,          6, 	      31663
iid:  1249,          4,          4, 	      30832
iid:  1250,          4,          5, 	      31137
iid:  1251,          7,          4, 	      29981
iid:  1252,          4,          4, 	      30520
iid:  1253,          5,          6, 	      30895
iid:  1254,          9,          7, 	      30230
iid:  1255,          9,          5, 	      28825
iid:  1256,          5,          3, 	      34905
iid:  1257,          2,          5, 	      34525
iid:  1258,         10,          5, 	      33821
iid:  1259,          4,          4, 	      30026
iid:  1260,          7,          6, 	      37145
iid:  1261,          4,          4, 	      30439
iid:  1262,          4,          4, 	      28799
iid:  1263,          9,          5, 	      37803
iid:  1264,          4,          4, 	      34346
iid:  1265,          2,          7, 	      30308
iid:  1266,          9,          4, 	      32097
iid:  1267,          6,          4, 	      28041
iid:  1268,          4,          6, 	      29779
iid:  1269,          6,          5, 	      30771
iid:  1270,          9,          4, 	      30726
iid:  1271,          4,          6, 	      30196
iid:  1272,          7,          4, 	      31199
iid:  1273,          4,          5, 	      29926
iid:  1274,          8,          4, 	      30371
iid:  1275,          5,          7, 	      34222
iid:  1276,          4,          4, 	      28701
iid:  1277,         11,          5, 	      30539
iid:  1278,          4,          4, 	      30334
iid:  1279,          6,          7, 	      36232
iid:  1280,          5,          4, 	      28463
iid:  1281,          6,          5, 	      30720
iid:  1282,          8,          3, 	      33761
iid:  1283,          2,          6, 	      33378
iid:  1284,          4,          6, 	      29922
iid:  1285,          9,          4, 	      30268
iid:  1286,          5,          5, 	      31066
iid:  1287,          8,          4, 	      34166
iid:  1288,          2,          6, 	      33378
iid:  1289,          5,          5, 	      29053
iid:  1290,          5,          5, 	      27968
iid:  1291,         10,          4, 	      36050
iid:  1292,          5,          5, 	      32980
iid:  1293,          4,          3, 	      33154
iid:  1294,          2,          6, 	      32224
iid:  1295,          9,          5, 	      31298
iid:  1296,          4,          5, 	      30047
iid:  1297,          6,          3, 	      30872
iid:  1298,          2,          4, 	      30647
iid:  1299,          9,          4, 	      34591
iid:  1300,          4,          7, 	      33329
iid:  1301,          4,          4, 	      28443
iid:  1302,         10,          5, 	      29273
iid:  1303,          4,          5, 	      31021
iid:  1304,          4,          4, 	      29370
iid:  1305,         10,          5, 	      34259
iid:  1306,          5,          6, 	      29282
iid:  1307,          5,          3, 	      30011
iid:  1308,          2,          5, 	      29213
iid:  1309,         10,          5, 	      30061
iid:  1310,          4,          3, 	      31268
iid:  1311,          2,          8, 	      30382
iid:  1312,          9,          4, 	      28972
iid:  1313,          5,          5, 	      33292
iid:  1314,          4,          4, 	      29709
iid:  1315,          6,          5, 	      31268
iid:  1316,          8,          5, 	      27612
iid:  1317,          6,          4, 	      33314
iid:  1318,          4,          5, 	      32891
iid:  1319,          5,          5, 	      28643
iid:  1320,          8,          4, 	      29902
iid:  1321,          5,          6, 	      30782
iid:  1322,          4,          6, 	      30540
iid:  1323,          9,          6, 	      30544
iid:  1324,          8,          5, 	      30718
iid:  1325,          5,          5, 	      30819
iid:  1326,          5,          4, 	      29820
iid:  1327,          7,          4, 	      31546
iid:  1328,          4,          5, 	      31936
iid:  1329,          6,          5, 	      34914
iid:  1330,          8,          5, 	      36166
iid:  1331,          4,          4, 	      32928
iid:  1332,          4,          4, 	      31896
iid:  1333,         11,          7, 	      37282
iid:  1334,          4,          5, 	      28308
iid:  1335,          5,          5, 	      30452
iid:  1336,          6,          5, 	      32590
iid:  1337,          8,          6, 	      32387
iid:  1338,          4,          6, 	      28407
iid:  1339,          9,          4, 	      37218
iid:  1340,          6,          6, 	      33068
iid:  1341,          6,          3, 	      32929
iid:  1342,          2,          6, 	      32126
iid:  1343,          8,          6, 	      31991
iid:  1344,          4,          4, 	      30970
iid:  1345,          8,          3, 	      35881
iid:  1346,          2,          4, 	      35457
iid:  1347,          4,          3, 	      30463
iid:  1348,          2,          7, 	      29187
iid:  1349,          9,          4, 	      32282
iid:  1350,          4,          5, 	      30125
iid:  1351,          7,          4, 	      33565
iid:  1352,          4,          5, 	      32298
iid:  1353,          4,          6, 	      29252
iid:  1354,         13,          4, 	      32469
iid:  1355,          7,          5, 	      30096
iid:  1356,          5,          4, 	      32806
iid:  1357,          5,          3, 	      32600
iid:  1358,          2,          6, 	      31980
iid:  1359,          8,          7, 	      33437
iid:  1360,          4,          4, 	      31631
iid:  1361,          7,          4, 	      33440
iid:  1362,          4,          5, 	      30091
iid:  1363,          4,          4, 	      29989
iid:  1364,          6,          7, 	      31444
iid:  1365,          8,          4, 	      30457
iid:  1366,          7,          6, 	      28564
iid:  1367,          7,          6, 	      34562
iid:  1368,          4,          5, 	      29683
iid:  1369,          9,          4, 	      34452
iid:  1370,          5,          5, 	      35644
iid:  1371,          4,          5, 	      33040
iid:  1372,          8,          4, 	      29332
iid:  1373,          6,          4, 	      36822
iid:  1374,          4,          5, 	      35652
iid:  1375,          5,          4, 	      32255
iid:  1376,         11,          6, 	      37565
iid:  1377,          4,          5, 	      28476
iid:  1378,          4,          7, 	      28995
iid:  1379,          8,          4, 	      31770
iid:  1380,          6,          7, 	      29949
iid:  1381,          4,          4, 	      29380
iid:  1382,          2,          6, 	      28799
iid:  1383,         11,          5, 	      29099
iid:  1384,          5,          3, 	      35397
iid:  1385,          2,          4, 	      35088
iid:  1386,          7,          4, 	      32149
iid:  1387,          6,          5, 	      31895
iid:  1388,          4,          6, 	      32789
iid:  1389,          6,          4, 	      32990
iid:  1390,          6,          4, 	      31481
iid:  1391,          4,          5, 	      32124
iid:  1392,         11,          4, 	      42007
iid:  1393,          4,          7, 	      35684
iid:  1394,          4,          5, 	      30011
iid:  1395,         10,          5, 	      34807
iid:  1396,          4,          3, 	      34365
iid:  1397,          2,          6, 	      33453
iid:  1398,          7,          4, 	      36120
iid:  1399,          4,          4, 	      28483
iid:  1400,          6,          4, 	      36520
iid:  1401,          4,          7, 	      36282
iid:  1402,         10,          6, 	      29708
iid:  1403,          9,          3, 	      36434
iid:  1404,          2,          4, 	      36051
iid:  1405,          8,          6, 	      35520
iid:  1406,          4,          3, 	      34725
iid:  1407,          2,          7, 	      34052
iid:  1408,          7,          5, 	      33475
iid:  1409,          4,          4, 	      28092
iid:  1410,          5,          4, 	      32422
iid:  1411,          8,          4, 	      32075
iid:  1412,          4,          7, 	      30721
iid:  1413,          9,          4, 	      29449
iid:  1414,          4,          5, 	      27874
iid:  1415,          9,          5, 	      31413
iid:  1416,          4,          3, 	      31415
iid:  1417,          2,          7, 	      30933
iid:  1418,          9,          4, 	      30854
iid:  1419,          6,          5, 	      30620
iid:  1420,          7,          3, 	      34661
iid:  1421,          2,          3, 	      34235
iid:  1422,          2,          4, 	      32934
iid:  1423,          4,          7, 	      28377
iid:  1424,          8,          4, 	      33947
iid:  1425,          4,          5, 	      28459
iid:  1426,          9,          4, 	      35275
iid:  1427,          4,          3, 	      34095
iid:  1428,          2,          8, 	      29591
iid:  1429,         10,          5, 	      28823
iid:  1430,          5,          3, 	      31016
iid:  1431,          2,          5, 	      30498
iid:  1432,          6,          4, 	      30678
iid:  1433,          5,          6, 	      33471
iid:  1434,          7,          4, 	      30453
iid:  1435,          4,          4, 	      30199
iid:  1436,          9,          4, 	      32163
iid:  1437,          4,          3, 	      32314
iid:  1438,          2,          7, 	      31764
iid:  1439,          7,          5, 	      30077
iid:  1440,         10,          6, 	      32047
iid:  1441,          5,          4, 	      31944
iid:  1442,          7,          5, 	      30777
iid:  1443,          4,          4, 	      31377
iid:  1444,          7,          5, 	      36132
iid:  1445,          5,          4, 	      33013
iid:  1446,          7,          5, 	      38827
iid:  1447,          4,          4, 	      32659
iid:  1448,          4,          4, 	      31543
iid:  1449,          9,          6, 	      36593
iid:  1450,          6,          4, 	      27506
iid:  1451,          4,          9, 	      29100
iid:  1452,          9,          7, 	      30648
iid:  1453,          6,          4, 	      29231
iid:  1454,          7,          3, 	      31895
iid:  1455,          2,          4, 	      31050
iid:  1456,          7,          6, 	      31347
iid:  1457,          5,          3, 	      35727
iid:  1458,          2,          5, 	      34900
iid:  1459,          5,          5, 	      28189
iid:  1460,          9,          4, 	      33889
iid:  1461,          4,          5, 	      32972
iid:  1462,          4,          5, 	      27325
iid:  1463,         10,          5, 	      34449
iid:  1464,          4,          5, 	      26843
iid:  1465,          4,          4, 	      31705
iid:  1466,          6,          5, 	      31343
iid:  1467,          9,          7, 	      28662
iid:  1468,          5,          4, 	      30893
iid:  1469,          6,          4, 	      33867
iid:  1470,          8,          5, 	      31339
iid:  1471,          7,          4, 	      35010
iid:  1472,          2,          6, 	      33753
iid:  1473,          7,          5, 	      32382
iid:  1474,          4,          5, 	      28362
iid:  1475,          5,          4, 	      30393
iid:  1476,          5,          5, 	      31795
iid:  1477,          4,          5, 	      33432
iid:  1478,          9,          5, 	      31652
iid:  1479,          6,          6, 	      31734
iid:  1480,          8,          4, 	      28018
iid:  1481,          7,          5, 	      33365
iid:  1482,          5,          4, 	      35599
iid:  1483,          2,          6, 	      32489
iid:  1484,          7,          6, 	      29264
iid:  1485,          6,          4, 	      30578
iid:  1486,          5,          3, 	      30760
iid:  1487,          2,          5, 	      28900
iid:  1488,          8,          4, 	      33465
iid:  1489,          4,          4, 	      32631
iid:  1490,          5,          6, 	      30447
iid:  1491,          7,          5, 	      29917
iid:  1492,          7,          5, 	      30105
iid:  1493,          7,          5, 	      27343
iid:  1494,          6,          6, 	      31805
iid:  1495,          7,          4, 	      27994
iid:  1496,          6,          5, 	      30755
iid:  1497,          6,          5, 	      34819
iid:  1498,          5,          6, 	      30958
iid:  1499,          7,          5, 	      29863
iid:  1500,          6,          3, 	      33390
iid:  1501,          2,          5, 	      32709
iid:  1502,          8,          4, 	      33321
iid:  1503,          4,          6, 	      32120
iid:  1504,          4,          4, 	      31934
iid:  1505,          4,          5, 	      31194
iid:  1506,          8,          6, 	      29080
iid:  1507,         10,          5, 	      32459
iid:  1508,          4,          4, 	      28450
iid:  1509,          9,          6, 	      37285
iid:  1510,          4,          6, 	      31143
iid:  1511,          7,          3, 	      33391
iid:  1512,          3,          4, 	      33032
iid:  1513,          4,          5, 	      33360
iid:  1514,          8,          3, 	      32044
iid:  1515,          2,          6, 	      31936
iid:  1516,          4,          4, 	      30505
iid:  1517,          4,          4, 	      27275
iid:  1518,         10,          6, 	      33228
iid:  1519,          5,          5, 	      31785
iid:  1520,          5,          5, 	      30110
iid:  1521,         10,          6, 	      29342
iid:  1522,          5,          4, 	      32345
iid:  1523,          4,          6, 	      32131
iid:  1524,          5,          5, 	      31091
iid:  1525,          9,          3, 	      34374
iid:  1526,          2,          6, 	      34050
iid:  1527,          8,          4, 	      34184
iid:  1528,          4,          5, 	      33443
iid:  1529,          8,          3, 	      35151
iid:  1530,          2,          6, 	      33886
iid:  1531,          4,          5, 	      33042
iid:  1532,          8,          4, 	      29401
iid:  1533,          5,          5, 	      30999
iid:  1534,          6,          6, 	      33651
iid:  1535,          4,          4, 	      29917
iid:  1536,          9,          4, 	      34457
iid:  1537,          4,          4, 	      29564
iid:  1538,          6,          7, 	      30895
iid:  1539,          7,          4, 	      28435
iid:  1540,          8,          5, 	      30632
iid:  1541,          4,          4, 	      31024
iid:  1542,          5,          5, 	      33067
iid:  1543,          9,          5, 	      32513
iid:  1544,          4,          6, 	      30859
iid:  1545,          5,          7, 	      31036
iid:  1546,         10,          4, 	      29766
iid:  1547,          6,          4, 	      30880
iid:  1548,          4,          3, 	      30710
iid:  1549,          2,          8, 	      29675
iid:  1550,          9,          5, 	      30281
iid:  1551,          4,          5, 	      29129
iid:  1552,          6,          3, 	      31642
iid:  1553,          2,          4, 	      30385
iid:  1554,          5,          5, 	      27531
iid:  1555,          9,          6, 	      36064
iid:  1556,          4,          4, 	      28907
iid:  1557,          7,          5, 	      30408
iid:  1558,          7,          5, 	      30552
iid:  1559,          4,          4, 	      29267
iid:  1560,          7,          6, 	      32538
iid:  1561,          8,          6, 	      28241
iid:  1562,          5,          3, 	      31963
iid:  1563,          2,          4, 	      30534
iid:  1564,          6,          6, 	      30979
iid:  1565,          9,          5, 	      31669
iid:  1566,          4,          5, 	      33487
iid:  1567,          4,          4, 	      29830
iid:  1568,          9,          4, 	      36323
iid:  1569,          5,          3, 	      30697
iid:  1570,          2,          8, 	      29421
iid:  1571,          8,          4, 	      30379
iid:  1572,          5,          5, 	      29743
iid:  1573,          8,          6, 	      32012
iid:  1574,          5,          4, 	      29364
iid:  1575,          4,          6, 	      31314
iid:  1576,          6,          4, 	      30042
iid:  1577,          8,          4, 	      34500
iid:  1578,          6,          5, 	      32390
iid:  1579,          4,          3, 	      32696
iid:  1580,          2,          6, 	      31284
iid:  1581,         10,          4, 	      31937
iid:  1582,          4,          7, 	      31975
iid:  1583,          8,          4, 	      30076
iid:  1584,          5,          4, 	      30235
iid:  1585,          4,          4, 	      30372
iid:  1586,          2,          6, 	      28840
iid:  1587,         10,          4, 	      31514
iid:  1588,          6,          5, 	      30149
iid:  1589,          4,          5, 	      30727
iid:  1590,          5,          5, 	      32905
iid:  1591,          6,          5, 	      29104
iid:  1592,          6,          5, 	      28152
iid:  1593,          8,          6, 	      33336
iid:  1594,          6,          5, 	      30564
iid:  1595,          6,          4, 	      27157
iid:  1596,          7,          5, 	      32611
iid:  1597,          6,          5, 	      34463
iid:  1598,          5,          5, 	      31582
iid:  1599,          5,          6, 	      32550
iid:  1600,          9,          4, 	      28842
iid:  1601,          5,          4, 	      33013
iid:  1602,          5,          5, 	      32927
iid:  1603,          5,          6, 	      32330
iid:  1604,          8,          5, 	      27519
iid:  1605,          5,          6, 	      30481
iid:  1606,          5,          4, 	      27228
iid:  1607,          5,          5, 	      29095
iid:  1608,          7,          4, 	      27413
iid:  1609,          5,          5, 	      33362
iid:  1610,          4,          7, 	      29440
iid:  1611,         10,          5, 	      28969
iid:  1612,          5,          5, 	      28859
iid:  1613,         10,          4, 	      32221
iid:  1614,          6,          6, 	      35812
iid:  1615,          5,          6, 	      34484
iid:  1616,          6,          4, 	      29871
iid:  1617,          7,          3, 	      35476
iid:  1618,          2,          6, 	      35092
iid:  1619,          5,          3, 	      30140
iid:  1620,          2,          5, 	      29755
iid:  1621,          8,          5, 	      37316
iid:  1622,          4,          5, 	      33561
iid:  1623,          4,          4, 	      29010
iid:  1624,          8,          6, 	      33210
iid:  1625,          4,          5, 	      29307
iid:  1626,          7,          5, 	      33120
iid:  1627,         10,          6, 	      28947
iid:  1628,          4,          4, 	      29265
iid:  1629,          9,          4, 	      34877
iid:  1630,          4,          5, 	      37134
iid:  1631,          4,          5, 	      33933
iid:  1632,          6,          5, 	      33653
iid:  1633,          6,          5, 	      36126
iid:  1634,          7,          3, 	      36523
iid:  1635,          2,          4, 	      32437
iid:  1636,          6,          7, 	      32243
iid:  1637,         10,          5, 	      30576
iid:  1638,          4,          5, 	      29747
iid:  1639,          4,          6, 	      31109
iid:  1640,          9,          6, 	      29352
iid:  1641,          7,          3, 	      30611
iid:  1642,          2,          5, 	      30185
iid:  1643,          5,          4, 	      31715
iid:  1644,          7,          5, 	      28422
iid:  1645,          5,          4, 	      30311
iid:  1646,          5,          6, 	      30725
iid:  1647,          6,          5, 	      28935
iid:  1648,          6,          4, 	      27788
iid:  1649,          5,          4, 	      31288
iid:  1650,          6,          6, 	      28457
iid:  1651,          7,          5, 	      29048
iid:  1652,          6,          5, 	      31792
iid:  1653,          7,          6, 	      30276
iid:  1654,          8,          6, 	      31847
iid:  1655,          6,          5, 	      29849
iid:  1656,          7,          4, 	      36319
iid:  1657,          5,          3, 	      36652
iid:  1658,          2,          5, 	      32199
iid:  1659,          7,          6, 	      37412
iid:  1660,          4,          4, 	      32881
iid:  1661,          4,          5, 	      31959
iid:  1662,          4,          4, 	      28673
iid:  1663,         11,          5, 	      33934
iid:  1664,          4,          4, 	      29842
iid:  1665,          4,          6, 	      27045
iid:  1666,         11,          8, 	      28067
iid:  1667,          5,          3, 	      28923
iid:  1668,          2,          5, 	      28364
iid:  1669,          9,          5, 	      29867
iid:  1670,          2,          4, 	      28868
iid:  1671,          4,          5, 	      29370
iid:  1672,          9,          4, 	      29026
iid:  1673,          4,          3, 	      31511
iid:  1674,          2,          4, 	      30638
iid:  1675,          5,          6, 	      33039
iid:  1676,          9,          4, 	      30549
iid:  1677,          4,          3, 	      32687
iid:  1678,          2,          6, 	      31025
iid:  1679,          9,          5, 	      29334
iid:  1680,          6,          3, 	      29934
iid:  1681,          2,          6, 	      28218
iid:  1682,          9,          5, 	      32526
iid:  1683,          4,          4, 	      29269
iid:  1684,          6,          5, 	      31020
iid:  1685,          7,          3, 	      33238
iid:  1686,          2,          5, 	      31884
iid:  1687,          5,          4, 	      26596
iid:  1688,          8,          6, 	      35034
iid:  1689,          4,          4, 	      32765
iid:  1690,          4,          4, 	      29505
iid:  1691,          4,          7, 	      29424
iid:  1692,         10,          6, 	      31968
iid:  1693,          8,          4, 	      28382
iid:  1694,          8,          5, 	      36307
iid:  1695,          5,          5, 	      33601
iid:  1696,          6,          5, 	      35830
iid:  1697,          5,          5, 	      34241
iid:  1698,          5,          3, 	      36334
iid:  1699,          2,          5, 	      32503
iid:  1700,          4,          4, 	      27301
iid:  1701,         10,          5, 	      37083
iid:  1702,          4,          4, 	      30466
iid:  1703,          4,          6, 	      32483
iid:  1704,         10,          5, 	      33746
iid:  1705,          5,          7, 	      29878
iid:  1706,          4,          4, 	      29034
iid:  1707,         11,          6, 	      32123
iid:  1708,          6,          4, 	      34904
iid:  1709,          6,          3, 	      36301
iid:  1710,          2,          5, 	      35956
iid:  1711,          6,          7, 	      31730
iid:  1712,          4,          3, 	      29997
iid:  1713,          2,          5, 	      28558
iid:  1714,         10,          3, 	      36631
iid:  1715,          2,          4, 	      35516
iid:  1716,          4,          7, 	      30472
iid:  1717,          9,          4, 	      27811
iid:  1718,          6,          6, 	      35127
iid:  1719,          6,          3, 	      33700
iid:  1720,          2,          4, 	      32632
iid:  1721,          8,          4, 	      31030
iid:  1722,          4,          4, 	      31195
iid:  1723,          4,          7, 	      33856
iid:  1724,          7,          4, 	      30929
iid:  1725,          6,          4, 	      28109
iid:  1726,          8,          3, 	      33701
iid:  1727,          2,          6, 	      32785
iid:  1728,          4,          5, 	      26908
iid:  1729,          8,          5, 	      29795
iid:  1730,          4,          5, 	      30360
iid:  1731,         10,          5, 	      33119
iid:  1732,          5,          5, 	      29716
iid:  1733,          8,          6, 	      36650
iid:  1734,          4,          4, 	      30631
iid:  1735,          8,          4, 	      34648
iid:  1736,          4,          6, 	      34625
iid:  1737,          4,          3, 	      33909
iid:  1738,          2,          5, 	      32680
iid:  1739,          6,          5, 	      27477
iid:  1740,          7,          5, 	      33361
iid:  1741,          4,          6, 	      28265
iid:  1742,          8,          5, 	      33425
iid:  1743,          7,          6, 	      27668
iid:  1744,          5,          4, 	      26371
iid:  1745,         10,          5, 	      35264
iid:  1746,          5,          5, 	      31988
iid:  1747,          6,          3, 	      34966
iid:  1748,          2,          5, 	      34539
iid:  1749,          4,          4, 	      30886
iid:  1750,          6,          5, 	      32062
iid:  1751,          4,          6, 	      31833
iid:  1752,         11,          4, 	      37284
iid:  1753,          4,          4, 	      31605
iid:  1754,          4,          7, 	      30710
iid:  1755,         10,          6, 	      29335
iid:  1756,          4,          5, 	      29657
iid:  1757,          8,          3, 	      31154
iid:  1758,          2,          4, 	      30539
iid:  1759,          8,          8, 	      30216
iid:  1760,          4,          4, 	      29496
iid:  1761,          8,          4, 	      38574
iid:  1762,          7,          4, 	      34904
iid:  1763,          2,          4, 	      33540
iid:  1764,          6,          4, 	      40081
iid:  1765,          2,          5, 	      35412
iid:  1766,          4,          6, 	      29524
iid:  1767,          9,          4, 	      34889
iid:  1768,          4,          4, 	      29339
iid:  1769,          4,          3, 	      30209
iid:  1770,          2,          6, 	      29001
iid:  1771,         10,          6, 	      29237
iid:  1772,          4,          4, 	      30617
iid:  1773,          4,          4, 	      30356
iid:  1774,         11,          6, 	      30539
iid:  1775,          4,          4, 	      29129
iid:  1776,          5,          5, 	      31542
iid:  1777,         10,          4, 	      27825
iid:  1778,          6,          5, 	      30718
iid:  1779,          6,          3, 	      32942
iid:  1780,          2,          6, 	      32464
iid:  1781,          6,          6, 	      34082
iid:  1782,          5,          4, 	      29012
iid:  1783,          4,          6, 	      30618
iid:  1784,          6,          3, 	      30741
iid:  1785,          2,          4, 	      30212
iid:  1786,          4,          7, 	      28954
iid:  1787,         11,          5, 	      29772
iid:  1788,          6,          4, 	      28861
iid:  1789,          9,          5, 	      33686
iid:  1790,          5,          5, 	      36443
iid:  1791,          6,          6, 	      36717
iid:  1792,          6,          4, 	      35814
iid:  1793,          6,          4, 	      37776
iid:  1794,          4,          4, 	      31528
iid:  1795,          2,          4, 	      30713
iid:  1796,          6,          5, 	      32998
iid:  1797,          7,          4, 	      34643
iid:  1798,          4,          6, 	      30650
iid:  1799,          5,          5, 	      30539
iid:  1800,          7,          5, 	      31682
iid:  1801,          6,          6, 	      28627
iid:  1802,          9,          5, 	      29603
iid:  1803,          8,          6, 	      29088
iid:  1804,          6,          4, 	      34104
iid:  1805,          6,          7, 	      33317
iid:  1806,          7,          4, 	      30232
iid:  1807,          4,          3, 	      30339
iid:  1808,          2,          6, 	      28948
iid:  1809,          7,          4, 	      32340
iid:  1810,          4,          4, 	      30393
iid:  1811,          4,          4, 	      29422
iid:  1812,          5,          5, 	      30760
iid:  1813,         10,          8, 	      32001
iid:  1814,          8,          4, 	      29668
iid:  1815,          6,          4, 	      33773
iid:  1816,          7,          5, 	      32199
iid:  1817,          4,          5, 	      31206
iid:  1818,          2,          4, 	      27067
iid:  1819,          8,          5, 	      34359
iid:  1820,          4,          5, 	      29538
iid:  1821,          4,          4, 	      32448
iid:  1822,          9,          4, 	      37597
iid:  1823,          4,          5, 	      33414
iid:  1824,          7,          7, 	      35695
iid:  1825,          4,          4, 	      28398
iid:  1826,         12,          5, 	      37840
iid:  1827,          5,          4, 	      36751
iid:  1828,          2,          7, 	      34736
iid:  1829,          7,          4, 	      32925
iid:  1830,          5,          6, 	      33673
iid:  1831,          5,          3, 	      34624
iid:  1832,          2,          4, 	      34365
iid:  1833,          2,          4, 	      33275
iid:  1834,          9,          6, 	      35614
iid:  1835,          4,          5, 	      29472
iid:  1836,          4,          4, 	      29616
iid:  1837,          8,          4, 	      29456
iid:  1838,          9,          5, 	      33904
iid:  1839,          4,          5, 	      30871
iid:  1840,          9,          6, 	      31324
iid:  1841,          5,          4, 	      34016
iid:  1842,          6,          4, 	      36355
iid:  1843,          4,          4, 	      34011
iid:  1844,          2,          5, 	      28737
iid:  1845,          8,          6, 	      36156
iid:  1846,          4,          4, 	      29348
iid:  1847,          4,          4, 	      30151
i