iid:     9,          6,          5, 	      35718
iid:    10,          5,          4, 	      43796
iid:    11,          7,          3, 	      56867
iid:    12,          2,          4, 	      56358
iid:    13,         12,          3, 	      70910
iid:    14,          2,          4, 	      70517
iid:    15,         15,          3, 	      75576
iid:    16,          2,          3, 	      74961
iid:    17,          2,          4, 	      74495
iid:    18,          5,          5, 	      81268
iid:    19,          5,          4, 	      49525
iid:    20,          2,          5, 	      41361
iid:    21,          2,          3, 	      25768
iid:    22,          2,          6, 	      25161
iid:    23,         18,          4, 	      18106
iid:    24,          8,          3, 	      27200
iid:    25,          2,          4, 	      26884
iid:    26,          4,          3, 	      28314
iid:    27,          2,          7, 	      28141
iid:    28,         27,          3, 	      24916
iid:    29,          2,          4, 	      22876
iid:    30,          4,          3, 	      24757
iid:    31,          2,          3, 	      24406
iid:    32,          4,          4, 	      27333
iid:    33,          2,          5, 	      22522
iid:    34,          5,          3, 	      21289
iid:    35,          2,          4, 	      20865
iid:    36,         12,          4, 	      16867
iid:    37,         11,          6, 	      30438
iid:    38,          4,          4, 	      22146
iid:    39,          5,          6, 	      21272
iid:    40,         26,          4, 	      18795
iid:    41,          9,          3, 	      26870
iid:    42,          2,          7, 	      26407
iid:    43,          6,          3, 	      30322
iid:    44,          2,          3, 	      29866
iid:    45,          2,          3, 	      29470
iid:    46,          2,          5, 	      28859
iid:    47,          4,          4, 	      18637
iid:    48,         17,          4, 	      28182
iid:    49,          5,          5, 	      28368
iid:    50,          4,          7, 	      21882
iid:    51,         14,          4, 	      19382
iid:    52,         21,          5, 	      31272
iid:    53,          5,          3, 	      25839
iid:    54,          2,          5, 	      25504
iid:    55,          2,          3, 	      25108
iid:    56,          2,          3, 	      24836
iid:    57,          2,          4, 	      24165
iid:    58,         18,          5, 	      31892
iid:    59,          4,          4, 	      29535
iid:    60,          4,          4, 	      25998
iid:    61,          4,          6, 	      24648
iid:    62,         25,          8, 	      28105
iid:    63,          8,          5, 	      28572
iid:    64,          9,          4, 	      15483
iid:    65,         14,          4, 	      21389
iid:    66,         17,          3, 	      23962
iid:    67,          2,          3, 	      23394
iid:    68,          2,          3, 	      22918
iid:    69,          2,          3, 	      21921
iid:    70,          2,          3, 	      21679
iid:    71,          2,          6, 	      21520
iid:    72,          7,          4, 	      27016
iid:    73,          4,          5, 	      26185
iid:    74,          4,          6, 	      20628
iid:    75,         16,          4, 	      22784
iid:    76,          8,          3, 	      18585
iid:    77,          2,          7, 	      18137
iid:    78,         30,          3, 	      30608
iid:    79,          2,          4, 	      30112
iid:    80,          6,          3, 	      35554
iid:    81,          2,          4, 	      28963
iid:    82,          2,          3, 	      28400
iid:    83,          2,          3, 	      26947
iid:    84,          2,          3, 	      24597
iid:    85,          2,          5, 	      23490
iid:    86,          5,          4, 	      15407
iid:    87,         21,          5, 	      36906
iid:    88,          4,          5, 	      26203
iid:    89,          4,          5, 	      24673
iid:    90,         13,          4, 	      16341
iid:    91,         21,          4, 	      26675
iid:    92,          5,          3, 	      28809
iid:    93,          2,          3, 	      28201
iid:    94,          2,          3, 	      26439
iid:    95,          2,          5, 	      26324
iid:    96,         10,          7, 	      36104
iid:    97,          6,          3, 	      32563
iid:    98,          2,          4, 	      26517
iid:    99,          3,          3, 	      25213
iid:   100,          2,          6, 	      19925
iid:   101,         16,          4, 	      24940
iid:   102,         10,          5, 	      22848
iid:   103,          8,          4, 	      24325
iid:   104,          2,          3, 	      22179
iid:   105,          2,          4, 	      21871
iid:   106,         17,          3, 	      21899
iid:   107,          2,          4, 	      21433
iid:   108,          5,          5, 	      22381
iid:   109,          5,          3, 	      24194
iid:   110,          3,          3, 	      22039
iid:   111,          2,          6, 	      21173
iid:   112,         24,          4, 	      23368
iid:   113,          4,          3, 	      22588
iid:   114,          2,          4, 	      22012
iid:   115,          5,          7, 	      24262
iid:   116,         13,          4, 	      24247
iid:   117,          4,          4, 	      23980
iid:   118,          5,          4, 	      17978
iid:   119,         18,          7, 	      29879
iid:   120,          4,          3, 	      28609
iid:   121,          2,          5, 	      27133
iid:   122,         15,          6, 	      28856
iid:   123,          4,          3, 	      24048
iid:   124,          2,          5, 	      23460
iid:   125,         20,          3, 	      24446
iid:   126,          2,          4, 	      23768
iid:   127,          5,          5, 	      23910
iid:   128,          2,          6, 	      22487
iid:   129,         20,          4, 	      25048
iid:   130,          8,          3, 	      26646
iid:   131,          2,          4, 	      26627
iid:   132,          5,          4, 	      19961
iid:   133,          6,          3, 	      19734
iid:   134,          2,          6, 	      19056
iid:   135,         13,          4, 	      21816
iid:   136,          4,          5, 	      21071
iid:   137,          9,          3, 	      21489
iid:   138,          2,          6, 	      21102
iid:   139,         20,          5, 	      28968
iid:   140,          5,          4, 	      17319
iid:   141,         12,          6, 	      24283
iid:   142,          8,          3, 	      24863
iid:   143,          2,          4, 	      23940
iid:   144,          2,          4, 	      23425
iid:   145,         15,          6, 	      23122
iid:   146,          4,          3, 	      21984
iid:   147,          2,          4, 	      21694
iid:   148,          4,          5, 	      22949
iid:   149,         16,          6, 	      24972
iid:   150,          7,          4, 	      20447
iid:   151,         12,          3, 	      25914
iid:   152,          2,          4, 	      19917
iid:   153,         12,          7, 	      24998
iid:   154,          5,          4, 	      22496
iid:   155,          9,          3, 	      24010
iid:   156,          2,          6, 	      23579
iid:   157,         17,          4, 	      27528
iid:   158,          4,          3, 	      24559
iid:   159,          3,          4, 	      24106
iid:   160,          2,          5, 	      23189
iid:   161,          6,          5, 	      20565
iid:   162,          5,          4, 	      21951
iid:   163,         12,          5, 	      24963
iid:   164,          4,          5, 	      23378
iid:   165,          8,          5, 	      18388
iid:   166,         22,          5, 	      27653
iid:   167,          4,          5, 	      24323
iid:   168,         17,          4, 	      26906
iid:   169,         10,          5, 	      29889
iid:   170,          2,          4, 	      26949
iid:   171,          2,          3, 	      26287
iid:   172,          2,          4, 	      25431
iid:   173,          9,          6, 	      19155
iid:   174,          4,          3, 	      23898
iid:   175,          2,          4, 	      19590
iid:   176,          9,          3, 	      23853
iid:   177,          2,          8, 	      22516
iid:   178,         20,          5, 	      17591
iid:   179,         14,          4, 	      20066
iid:   180,          9,          3, 	      23367
iid:   181,          2,          3, 	      23283
iid:   182,          2,          4, 	      23203
iid:   183,          2,          4, 	      22768
iid:   184,         14,          4, 	      22343
iid:   185,          4,          5, 	      21534
iid:   186,          4,          3, 	      20420
iid:   187,          2,          4, 	      19713
iid:   188,          9,          6, 	      19221
iid:   189,         11,          4, 	      20728
iid:   190,         17,          3, 	      20471
iid:   191,          2,          7, 	      20185
iid:   192,         17,          3, 	      25028
iid:   193,          2,          5, 	      24667
iid:   194,         10,          3, 	      23306
iid:   195,          2,          5, 	      22804
iid:   196,          5,          3, 	      18878
iid:   197,          2,          4, 	      18756
iid:   198,          9,          4, 	      22371
iid:   199,          4,          6, 	      22199
iid:   200,         17,          4, 	      27670
iid:   201,          4,          5, 	      27363
iid:   202,          4,          4, 	      19856
iid:   203,          4,          5, 	      19377
iid:   204,          8,          7, 	      27564
iid:   205,          4,          4, 	      26603
iid:   206,         30,          4, 	      30870
iid:   207,          5,          8, 	      33071
iid:   208,          4,          3, 	      33823
iid:   209,          2,          6, 	      33373
iid:   210,         13,          4, 	      17398
iid:   211,         13,          3, 	      22372
iid:   212,          3,          4, 	      21957
iid:   213,         11,          4, 	      24467
iid:   214,          2,          3, 	      24107
iid:   215,          2,          5, 	      23897
iid:   216,          2,          4, 	      21230
iid:   217,          9,          4, 	      24236
iid:   218,          4,          3, 	      24024
iid:   219,          2,          4, 	      23512
iid:   220,          2,          6, 	      18912
iid:   221,         22,          4, 	      22063
iid:   222,         10,          4, 	      28021
iid:   223,          7,          3, 	      23563
iid:   224,          4,          3, 	      24438
iid:   225,          2,          5, 	      24037
iid:   226,          2,          4, 	      20745
iid:   227,         17,          3, 	      24302
iid:   228,          3,          5, 	      23878
iid:   229,          5,          3, 	      22148
iid:   230,          2,          4, 	      20120
iid:   231,          7,          7, 	      19908
iid:   232,         14,          4, 	      28213
iid:   233,          4,          4, 	      19295
iid:   234,          7,          7, 	      21386
iid:   235,         16,          3, 	      24338
iid:   236,          2,          4, 	      24020
iid:   237,         14,          4, 	      19474
iid:   238,          7,          6, 	      23681
iid:   239,          6,          3, 	      25447
iid:   240,          2,          3, 	      24976
iid:   241,          2,          5, 	      24605
iid:   242,         15,          5, 	      25481
iid:   243,          4,          4, 	      24504
iid:   244,          4,          5, 	      26290
iid:   245,          4,          4, 	      25278
iid:   246,          4,          6, 	      24989
iid:   247,          8,          4, 	      19858
iid:   248,         22,         10, 	      30401
iid:   249,         12,          4, 	      24430
iid:   250,         14,          3, 	      23444
iid:   251,          2,          4, 	      23002
iid:   252,         10,          3, 	      26958
iid:   253,          2,          3, 	      26467
iid:   254,          2,          4, 	      25974
iid:   255,         13,          4, 	      35373
iid:   256,          8,          3, 	      40424
iid:   257,          2,          6, 	      39996
iid:   258,         18,          4, 	      38261
iid:   259,          2,          6, 	      31248
iid:   260,          5,          4, 	      21720
iid:   261,          4,          4, 	      16682
iid:   262,          8,          3, 	      23654
iid:   263,          2,          5, 	      23158
iid:   264,          5,          5, 	      24881
iid:   265,          4,          6, 	      19073
iid:   266,         14,          3, 	      26330
iid:   267,          2,          5, 	      25871
iid:   268,          5,          5, 	      18925
iid:   269,         24,          6, 	      25015
iid:   270,          4,          3, 	      24110
iid:   271,          2,          4, 	      23685
iid:   272,          9,          4, 	      20622
iid:   273,          6,          4, 	      21289
iid:   274,          2,          3, 	      20099
iid:   275,          2,          5, 	      19606
iid:   276,         12,          4, 	      21818
iid:   277,          7,          5, 	      24766
iid:   278,          2,          5, 	      23627
iid:   279,          4,          5, 	      16848
iid:   280,         15,          4, 	      24586
iid:   281,          4,          3, 	      24505
iid:   282,          2,          5, 	      23958
iid:   283,          5,          5, 	      17759
iid:   284,         16,          4, 	      26323
iid:   285,          4,          5, 	      25975
iid:   286,          2,          4, 	      25092
iid:   287,          5,          6, 	      18154
iid:   288,         15,          3, 	      26032
iid:   289,          2,          5, 	      25631
iid:   290,         10,          4, 	      17133
iid:   291,          8,          6, 	      20991
iid:   292,          4,          3, 	      21000
iid:   293,          2,          5, 	      20640
iid:   294,         16,          4, 	      23376
iid:   295,          4,          5, 	      22614
iid:   296,          7,          3, 	      22643
iid:   297,          2,          7, 	      22123
iid:   298,         14,          4, 	      26306
iid:   299,          4,          4, 	      26188
iid:   300,          6,          6, 	      16924
iid:   301,         15,          5, 	      20027
iid:   302,          4,          3, 	      20103
iid:   303,          2,          4, 	      19989
iid:   304,         16,          4, 	      23298
iid:   305,          5,          3, 	      23404
iid:   306,          2,          7, 	      22964
iid:   307,         13,          4, 	      29433
iid:   308,          4,          6, 	      26955
iid:   309,          7,          3, 	      25335
iid:   310,          2,          4, 	      21310
iid:   311,         20,          4, 	      34696
iid:   312,          4,          7, 	      28877
iid:   313,          8,          4, 	      22532
iid:   314,          4,          5, 	      24192
iid:   315,          2,          3, 	      21951
iid:   316,          2,          5, 	      21674
iid:   317,         18,          4, 	      22295
iid:   318,          6,          6, 	      22097
iid:   319,         12,          3, 	      27387
iid:   320,          3,          6, 	      26815
iid:   321,          9,          4, 	      18234
iid:   322,         14,          5, 	      28405
iid:   323,          4,          3, 	      28306
iid:   324,          2,          3, 	      28193
iid:   325,          2,          4, 	      27936
iid:   326,          2,          5, 	      27646
iid:   327,          4,          3, 	      20749
iid:   328,          2,          5, 	      20472
iid:   329,         19,          4, 	      32933
iid:   330,          4,          7, 	      32519
iid:   331,         10,          4, 	      23007
iid:   332,         23,          3, 	      24041
iid:   333,          2,          4, 	      23597
iid:   334,          5,          3, 	      28550
iid:   335,          2,          3, 	      28149
iid:   336,          2,          7, 	      27779
iid:   337,          4,          3, 	      25674
iid:   338,          2,          5, 	      25251
iid:   339,          4,          3, 	      19886
iid:   340,          2,          4, 	      19432
iid:   341,          7,          8, 	      17062
iid:   342,         19,          4, 	      21280
iid:   343,          4,          5, 	      20018
iid:   344,         20,          3, 	      24391
iid:   345,          2,          4, 	      23976
iid:   346,         10,          3, 	      28840
iid:   347,          2,          3, 	      27183
iid:   348,          2,          4, 	      27013
iid:   349,          8,          3, 	      37953
iid:   350,          2,          4, 	      37841
iid:   351,         19,          5, 	      43789
iid:   352,          2,          3, 	      34073
iid:   353,          2,          5, 	      32575
iid:   354,          8,          5, 	      29692
iid:   355,          4,          4, 	      28748
iid:   356,          4,          4, 	      20066
iid:   357,          4,          3, 	      19290
iid:   358,          2,          6, 	      18887
iid:   359,         21,          4, 	      26689
iid:   360,          4,          4, 	      26693
iid:   361,          4,          4, 	      17456
iid:   362,          7,          9, 	      19506
iid:   363,         15,          4, 	      27960
iid:   364,          8,          4, 	      18940
iid:   365,         12,          4, 	      22946
iid:   366,          6,          6, 	      23184
iid:   367,          2,          4, 	      21848
iid:   368,         12,          5, 	      30014
iid:   369,          4,          3, 	      21953
iid:   370,          2,          4, 	      21546
iid:   371,          4,          5, 	      20679
iid:   372,         14,          5, 	      24716
iid:   373,          4,          6, 	      23902
iid:   374,          8,          4, 	      20343
iid:   375,          9,          3, 	      21564
iid:   376,          2,          7, 	      21382
iid:   377,          6,          4, 	      23259
iid:   378,         18,          7, 	      23586
iid:   379,         13,          3, 	      28937
iid:   380,          2,          4, 	      23827
iid:   381,          5,          3, 	      28132
iid:   382,          2,          4, 	      27542
iid:   383,          2,          3, 	      25879
iid:   384,          2,          5, 	      25343
iid:   385,         15,          5, 	      28395
iid:   386,          4,          4, 	      26065
iid:   387,          4,          4, 	      25658
iid:   388,          4,          7, 	      21146
iid:   389,         23,          4, 	      24979
iid:   390,         16,          4, 	      31083
iid:   391,          5,          3, 	      25501
iid:   392,          2,          7, 	      25184
iid:   393,          2,          3, 	      22672
iid:   394,          2,          4, 	      22331
iid:   395,         14,          4, 	      23675
iid:   396,          4,          5, 	      22764
iid:   397,          4,          3, 	      22216
iid:   398,          2,          4, 	      21631
iid:   399,         16,          6, 	      29227
iid:   400,          4,          4, 	      23004
iid:   401,         12,          4, 	      21841
iid:   402,          4,          7, 	      21231
iid:   403,         13,          4, 	      27437
iid:   404,          4,          4, 	      27033
iid:   405,          8,          3, 	      22266
iid:   406,          2,          4, 	      21770
iid:   407,         12,          5, 	      32857
iid:   408,          3,          4, 	      31618
iid:   409,          5,          6, 	      25090
iid:   410,          4,          4, 	      24346
iid:   411,          4,          4, 	      17979
iid:   412,         17,          7, 	      31477
iid:   413,          6,          4, 	      19646
iid:   414,          6,          9, 	      20899
iid:   415,         16,          4, 	      27244
iid:   416,          4,          4, 	      27500
iid:   417,         18,          3, 	      27818
iid:   418,          2,          4, 	      27347
iid:   419,          6,          4, 	      30075
iid:   420,          5,          3, 	      32356
iid:   421,          2,          6, 	      32002
iid:   422,          5,          4, 	      27546
iid:   423,          9,          5, 	      28020
iid:   424,          7,          5, 	      27828
iid:   425,          4,          4, 	      20497
iid:   426,          5,          6, 	      19948
iid:   427,         25,          4, 	      26165
iid:   428,          4,          4, 	      21239
iid:   429,          7,          3, 	      23239
iid:   430,          3,          4, 	      23194
iid:   431,          2,          8, 	      22771
iid:   432,         13,          4, 	      19050
iid:   433,          5,          4, 	      21603
iid:   434,         10,          3, 	      26113
iid:   435,          2,          3, 	      25329
iid:   436,          2,          7, 	      24823
iid:   437,         17,          4, 	      23746
iid:   438,          6,          6, 	      25330
iid:   439,          9,          4, 	      21707
iid:   440,          8,          6, 	      20342
iid:   441,          7,          3, 	      21283
iid:   442,          2,          4, 	      21148
iid:   443,         18,          4, 	      27849
iid:   444,          4,          4, 	      22195
iid:   445,          2,          4, 	      21749
iid:   446,          6,          4, 	      21622
iid:   447,          2,          5, 	      18534
iid:   448,          4,          6, 	      16032
iid:   449,         11,          4, 	      28008
iid:   450,        190,          5, 	     353019
iid:   451,          8,          6, 	     355889
iid:   452,          4,          6, 	     357356
iid:   453,          4,          4, 	     345350
iid:   454,         12,          3, 	     356020
iid:   455,          2,          5, 	     354683
iid:   456,          8,          4, 	     356947
iid:   457,          9,          3, 	     359314
iid:   458,          2,          4, 	     355731
iid:   459,          4,          9, 	     355130
iid:   460,          5,          6, 	      41700
iid:   461,          4,          4, 	      39646
iid:   462,          9,          4, 	      39237
iid:   463,          5,          7, 	      41849
iid:   464,          4,          4, 	      26225
iid:   465,          8,          6, 	      37772
iid:   466,          9,          4, 	      39563
iid:   467,          4,          4, 	      33622
iid:   468,          4,          4, 	      32820
iid:   469,          8,          7, 	      39728
iid:   470,          7,          4, 	      39396
iid:   471,          7,          5, 	      39790
iid:   472,          2,          4, 	      38477
iid:   473,          5,          4, 	      37976
iid:   474,          4,          6, 	      37756
iid:   475,          8,          6, 	      29457
iid:   476,          4,          5, 	      40715
iid:   477,         10,          4, 	      33392
iid:   478,          5,          4, 	      34560
iid:   479,          4,          6, 	      35865
iid:   480,          7,          4, 	      29719
iid:   481,          7,          6, 	      38540
iid:   482,          8,          4, 	      40566
iid:   483,          2,          4, 	      34079
iid:   484,          5,          4, 	      33385
iid:   485,          8,          6, 	      39987
iid:   486,          5,          6, 	      34876
iid:   487,          4,          6, 	      39224
iid:   488,          7,          3, 	      36608
iid:   489,          2,          4, 	      33299
iid:   490,          7,          7, 	      38126
iid:   491,          4,          4, 	      26039
iid:   492,          7,          3, 	      36336
iid:   493,          2,          5, 	      35850
iid:   494,         10,          4, 	      39825
iid:   495,          2,          4, 	      35584
iid:   496,          6,          6, 	      37922
iid:   497,         11,          5, 	      48366
iid:   498,          4,          3, 	      47974
iid:   499,          2,          4, 	      47506
iid:   500,          3,          3, 	      42310
iid:   501,          2,          6, 	      39303
iid:   502,          4,          4, 	      30319
iid:   503,          7,          3, 	      39247
iid:   504,          2,          4, 	      38215
iid:   505,          5,          4, 	      39879
iid:   506,          2,          5, 	      35626
iid:   507,         11,          6, 	      29601
iid:   508,          4,          4, 	      27524
iid:   509,          5,          4, 	      29783
iid:   510,          8,          4, 	      32778
iid:   511,          2,          4, 	      32318
iid:   512,          4,          6, 	      33892
iid:   513,          9,          4, 	      32682
iid:   514,          4,          5, 	      36701
iid:   515,          8,          3, 	      39033
iid:   516,          2,          4, 	      38568
iid:   517,          7,          6, 	      36924
iid:   518,          6,          5, 	      36532
iid:   519,          6,          5, 	      40260
iid:   520,          4,          3, 	      36582
iid:   521,          2,          3, 	      33294
iid:   522,          2,          6, 	      31775
iid:   523,         11,          5, 	      31780
iid:   524,          5,          5, 	      36958
iid:   525,          6,          4, 	      38268
iid:   526,          9,          4, 	      40609
iid:   527,          2,          3, 	      35380
iid:   528,          2,          6, 	      32194
iid:   529,          6,          4, 	      28452
iid:   530,          5,          5, 	      34450
iid:   531,          6,          3, 	      40365
iid:   532,          2,          4, 	      39784
iid:   533,          9,          6, 	      37776
iid:   534,          4,          6, 	      36225
iid:   535,          7,          5, 	      35683
iid:   536,          6,          4, 	      36049
iid:   537,          8,          3, 	      37807
iid:   538,          2,          3, 	      34939
iid:   539,          2,          5, 	      33724
iid:   540,          7,          6, 	      36293
iid:   541,          5,          5, 	      34020
iid:   542,          4,          3, 	      37924
iid:   543,          2,          4, 	      37365
iid:   544,          9,          5, 	      35960
iid:   545,          7,          6, 	      37490
iid:   546,          5,          4, 	      31336
iid:   547,          6,          5, 	      34905
iid:   548,          9,          3, 	      39396
iid:   549,          2,          5, 	      39038
iid:   550,          4,          4, 	      34470
iid:   551,          4,          6, 	      33894
iid:   552,          8,          5, 	      29027
iid:   553,          7,          3, 	      35790
iid:   554,          2,          5, 	      35386
iid:   555,          5,          5, 	      31401
iid:   556,          7,          7, 	      36262
iid:   557,          5,          6, 	      28658
iid:   558,          7,          4, 	      29930
iid:   559,          4,          4, 	      33153
iid:   560,          9,          3, 	      33419
iid:   561,          2,          4, 	      32952
iid:   562,          7,          6, 	      36531
iid:   563,          6,          4, 	      33893
iid:   564,          6,          5, 	      39678
iid:   565,          6,          4, 	      41860
iid:   566,          2,          4, 	      40547
iid:   567,          7,          6, 	      36471
iid:   568,          7,          5, 	      37435
iid:   569,          4,          5, 	      36265
iid:   570,          5,          4, 	      34884
iid:   571,          7,          4, 	      38150
iid:   572,          7,          6, 	      38967
iid:   573,          4,          6, 	      26670
iid:   574,          9,          4, 	      33713
iid:   575,          6,          5, 	      31657
iid:   576,          6,          4, 	      33780
iid:   577,          5,          6, 	      34309
iid:   578,          6,          4, 	      33463
iid:   579,          4,          7, 	      32469
iid:   580,         10,          5, 	      32497
iid:   581,          5,          3, 	      37459
iid:   582,          2,          4, 	      32252
iid:   583,          4,          6, 	      32564
iid:   584,         10,          6, 	      34393
iid:   585,          4,          6, 	      32764
iid:   586,          7,          4, 	      32063
iid:   587,          4,          5, 	      35302
iid:   588,          7,          4, 	      31064
iid:   589,          6,          6, 	      35644
iid:   590,          4,          5, 	      26210
iid:   591,          7,          4, 	      29354
iid:   592,          7,          3, 	      34661
iid:   593,          2,          6, 	      34248
iid:   594,          8,          4, 	      29038
iid:   595,          5,          6, 	      38516
iid:   596,          7,          5, 	      38362
iid:   597,          7,          4, 	      36847
iid:   598,          4,          5, 	      38344
iid:   599,          8,          5, 	      35139
iid:   600,          5,          4, 	      32819
iid:   601,          8,          6, 	      37944
iid:   602,          5,          4, 	      37045
iid:   603,          4,          5, 	      34916
iid:   604,          6,          5, 	      35260
iid:   605,          2,          5, 	      27921
iid:   606,         10,          7, 	      34534
iid:   607,          4,          5, 	      27176
iid:   608,          5,          4, 	      30097
iid:   609,          8,          3, 	      32895
iid:   610,          2,          5, 	      32392
iid:   611,          4,          6, 	      27073
iid:   612,         10,          4, 	      34945
iid:   613,          6,          4, 	      41192
iid:   614,          4,          4, 	      36845
iid:   615,          2,          4, 	      36251
iid:   616,          7,          6, 	      33152
iid:   617,          7,          6, 	      31928
iid:   618,          7,          4, 	      39056
iid:   619,          4,          4, 	      31576
iid:   620,          9,          3, 	      35268
iid:   621,          2,          7, 	      34715
iid:   622,          7,          6, 	      29279
iid:   623,          4,          4, 	      29514
iid:   624,          6,          4, 	      33408
iid:   625,          6,          5, 	      35160
iid:   626,          5,          5, 	      28783
iid:   627,          7,          6, 	      34164
iid:   628,          7,          4, 	      35226
iid:   629,          7,          4, 	      34156
iid:   630,          5,          5, 	      37024
iid:   631,          6,          4, 	      36846
iid:   632,          5,          6, 	      32911
iid:   633,          7,          6, 	      35082
iid:   634,          6,          3, 	      38123
iid:   635,          2,          5, 	      32686
iid:   636,          7,          4, 	      33774
iid:   637,          5,          6, 	      33315
iid:   638,          6,          6, 	      28132
iid:   639,          6,          5, 	      37101
iid:   640,          8,          4, 	      38094
iid:   641,          5,          4, 	      35196
iid:   642,          2,          4, 	      33945
iid:   643,          4,          6, 	      32929
iid:   644,          8,          6, 	      31682
iid:   645,          8,          4, 	      38975
iid:   646,          6,          8, 	      41150
iid:   647,          4,          4, 	      27231
iid:   648,          5,          4, 	      33292
iid:   649,          9,          5, 	      35625
iid:   650,          6,          4, 	      34514
iid:   651,          4,          5, 	      34708
iid:   652,          7,          4, 	      41742
iid:   653,          8,          4, 	      44572
iid:   654,          7,          5, 	      46203
iid:   655,          2,          4, 	      39204
iid:   656,          4,          5, 	      40683
iid:   657,          4,          6, 	      34807
iid:   658,         10,          6, 	      32442
iid:   659,          6,          4, 	      34194
iid:   660,          4,          5, 	      33177
iid:   661,          4,          4, 	      32300
iid:   662,          9,          6, 	      34277
iid:   663,          4,          6, 	      29369
iid:   664,          9,          4, 	      30802
iid:   665,          4,          4, 	      30556
iid:   666,          6,          4, 	      34524
iid:   667,          8,          6, 	      37175
iid:   668,          4,          4, 	      32758
iid:   669,          7,          6, 	      34884
iid:   670,          7,          5, 	      28929
iid:   671,          5,          5, 	      30019
iid:   672,          7,          6, 	      32214
iid:   673,          6,          6, 	      32970
iid:   674,          5,          4, 	      29595
iid:   675,          5,          6, 	      28443
iid:   676,          9,          5, 	      32701
iid:   677,          4,          5, 	      30221
iid:   678,          6,          5, 	      32167
iid:   679,          6,          4, 	      35311
iid:   680,          8,          4, 	      32914
iid:   681,          4,          6, 	      32854
iid:   682,          9,          5, 	      31894
iid:   683,          4,          5, 	      35554
iid:   684,          5,          5, 	      32906
iid:   685,          7,          5, 	      34609
iid:   686,          4,          5, 	      33141
iid:   687,          7,          5, 	      30709
iid:   688,          6,          6, 	      31991
iid:   689,          9,          4, 	      34054
iid:   690,          4,          5, 	      33174
iid:   691,          6,          4, 	      35657
iid:   692,          7,          6, 	      33105
iid:   693,          4,          5, 	      29934
iid:   694,         10,          6, 	      33713
iid:   695,          4,          5, 	      31250
iid:   696,          5,          3, 	      32534
iid:   697,          2,          4, 	      31936
iid:   698,         10,          6, 	      34223
iid:   699,          5,          6, 	      32225
iid:   700,          4,          6, 	      29764
iid:   701,          7,          4, 	      32008
iid:   702,          6,          3, 	      32538
iid:   703,          2,          6, 	      31772
iid:   704,          8,          5, 	      32151
iid:   705,          6,          5, 	      29018
iid:   706,          7,          4, 	      28834
iid:   707,          5,          6, 	      33055
iid:   708,          4,          4, 	      32663
iid:   709,          4,          5, 	      32325
iid:   710,          9,          4, 	      34038
iid:   711,          4,          5, 	      29840
iid:   712,          9,          6, 	      29291
iid:   713,          5,          4, 	      30207
iid:   714,          6,          5, 	      33455
iid:   715,          8,          4, 	      36562
iid:   716,          2,          4, 	      30517
iid:   717,          8,          8, 	      34253
iid:   718,          4,          4, 	      27520
iid:   719,          6,          5, 	      32549
iid:   720,          4,          4, 	      32750
iid:   721,          9,          4, 	      34698
iid:   722,          2,          4, 	      27607
iid:   723,          5,          7, 	      29684
iid:   724,          8,          4, 	      32356
iid:   725,          4,          4, 	      29689
iid:   726,          6,          7, 	      36201
iid:   727,          6,          3, 	      30854
iid:   728,          2,          5, 	      30135
iid:   729,          4,          7, 	      28333
iid:   730,         11,          4, 	      28046
iid:   731,          5,          5, 	      31518
iid:   732,          6,          4, 	      35502
iid:   733,          4,          3, 	      33495
iid:   734,          6,          5, 	      33026
iid:   735,          7,          6, 	      35549
iid:   736,          4,          4, 	      29908
iid:   737,          6,          4, 	      32876
iid:   738,          6,          4, 	      36977
iid:   739,          7,          4, 	      40192
iid:   740,          2,          7, 	      31964
iid:   741,          7,          4, 	      30360
iid:   742,          4,          5, 	      29808
iid:   743,          7,          4, 	      32692
iid:   744,          7,          5, 	      33318
iid:   745,          4,          5, 	      32247
iid:   746,         10,          5, 	      35323
iid:   747,          4,          5, 	      30805
iid:   748,          7,          6, 	      35855
iid:   749,          5,          5, 	      31368
iid:   750,          5,          5, 	      29328
iid:   751,          8,          4, 	      30156
iid:   752,          5,          6, 	      30671
iid:   753,          5,          6, 	      28713
iid:   754,          6,          4, 	      31331
iid:   755,          8,          4, 	      30179
iid:   756,          5,          4, 	      33018
iid:   757,          7,          7, 	      33247
iid:   758,          5,          4, 	      29810
iid:   759,          4,          5, 	      27788
iid:   760,          9,          6, 	      34823
iid:   761,          6,          4, 	      32675
iid:   762,          5,          4, 	      33143
iid:   763,          5,          6, 	      31689
iid:   764,          6,          6, 	      29538
iid:   765,          8,          6, 	      33664
iid:   766,          4,          4, 	      31409
iid:   767,          5,          5, 	      32857
iid:   768,          5,          4, 	      27727
iid:   769,         12,          5, 	      34091
iid:   770,          5,          8, 	      30899
iid:   771,          4,          4, 	      28819
iid:   772,          7,          5, 	      29173
iid:   773,          8,          3, 	      32366
iid:   774,          2,          6, 	      31817
iid:   775,          5,          4, 	      31165
iid:   776,          2,          4, 	      28100
iid:   777,          8,          6, 	      37969
iid:   778,          6,          3, 	      40632
iid:   779,          2,          4, 	      36046
iid:   780,          4,          6, 	      35704
iid:   781,          9,          5, 	      33482
iid:   782,          4,          5, 	      32587
iid:   783,          8,          4, 	      28780
iid:   784,          4,          4, 	      28953
iid:   785,         10,          3, 	      33868
iid:   786,          2,          7, 	      33447
iid:   787,          5,          6, 	      26375
iid:   788,          5,          4, 	      29677
iid:   789,          8,          3, 	      32360
iid:   790,          2,          4, 	      31841
iid:   791,          4,          4, 	      26134
iid:   792,         10,          7, 	      34684
iid:   793,          4,          4, 	      31389
iid:   794,          6,          4, 	      30937
iid:   795,          9,          3, 	      34943
iid:   796,          2,          6, 	      34253
iid:   797,          4,          7, 	      28203
iid:   798,          8,          4, 	      33535
iid:   799,          5,          5, 	      30298
iid:   800,          5,          4, 	      30946
iid:   801,          6,          5, 	      33077
iid:   802,          6,          5, 	      30191
iid:   803,          6,          4, 	      26999
iid:   804,          5,          6, 	      27940
iid:   805,          7,          5, 	      26939
iid:   806,          4,          4, 	      29999
iid:   807,          6,          5, 	      31865
iid:   808,          5,          6, 	      29532
iid:   809,          6,          6, 	      26361
iid:   810,         11,          4, 	      32012
iid:   811,          5,          7, 	      37607
iid:   812,          4,          4, 	      27325
iid:   813,          6,          3, 	      34065
iid:   814,          2,          5, 	      33565
iid:   815,         11,          4, 	      35487
iid:   816,          2,          5, 	      34400
iid:   817,          6,          4, 	      30791
iid:   818,          5,          5, 	      34887
iid:   819,          5,          4, 	      42157
iid:   820,         10,          4, 	      39668
iid:   821,          2,          4, 	      35150
iid:   822,          2,          7, 	      30586
iid:   823,          7,          4, 	      30259
iid:   824,          4,          4, 	      32834
iid:   825,         10,          5, 	      37404
iid:   826,          4,          4, 	      39646
iid:   827,          2,          3, 	      34118
iid:   828,          2,          6, 	      29495
iid:   829,          7,          4, 	      34948
iid:   830,          4,          4, 	      28176
iid:   831,          4,          5, 	      29417
iid:   832,         11,          5, 	      38528
iid:   833,          4,          5, 	      34192
iid:   834,          4,          5, 	      29240
iid:   835,          8,          4, 	      25837
iid:   836,          6,          4, 	      31864
iid:   837,          8,          6, 	      34370
iid:   838,          2,          4, 	      32248
iid:   839,          4,          6, 	      27496
iid:   840,          7,          4, 	      27821
iid:   841,          7,          5, 	      34011
iid:   842,          7,          4, 	      33384
iid:   843,          7,          3, 	      35074
iid:   844,          2,          5, 	      34634
iid:   845,          7,          7, 	      34479
iid:   846,          4,          5, 	      28410
iid:   847,          8,          4, 	      30956
iid:   848,          5,          5, 	      35521
iid:   849,          6,          4, 	      33144
iid:   850,          6,          5, 	      33452
iid:   851,          5,          6, 	      31957
iid:   852,          4,          4, 	      30514
iid:   853,          8,          6, 	      28313
iid:   854,          5,          4, 	      29184
iid:   855,          6,          5, 	      31555
iid:   856,          8,          5, 	      31970
iid:   857,          4,          4, 	      29203
iid:   858,          5,          7, 	      32531
iid:   859,          8,          5, 	      29038
iid:   860,          7,          4, 	      28974
iid:   861,          7,          6, 	      33563
iid:   862,          6,          4, 	      34008
iid:   863,          4,          4, 	      28987
iid:   864,          8,          7, 	      34272
iid:   865,          4,          4, 	      26648
iid:   866,          5,          5, 	      29202
iid:   867,          5,          6, 	      30816
iid:   868,          9,          4, 	      27091
iid:   869,          7,          4, 	      30013
iid:   870,          5,          7, 	      29221
iid:   871,          5,          4, 	      29127
iid:   872,          7,          4, 	      28548
iid:   873,          6,          8, 	      32534
iid:   874,          7,          5, 	      27448
iid:   875,          4,          4, 	      27947
iid:   876,          7,          5, 	      30058
iid:   877,          8,          6, 	      31863
iid:   878,          5,          4, 	      31637
iid:   879,          4,          4, 	      28265
iid:   880,          8,          6, 	      33056
iid:   881,          7,          5, 	      33412
iid:   882,          4,          5, 	      29300
iid:   883,          6,          6, 	      27893
iid:   884,          7,          4, 	      28642
iid:   885,          5,          5, 	      27742
iid:   886,          7,          6, 	      31983
iid:   887,          4,          4, 	      28091
iid:   888,          6,          5, 	      26121
iid:   889,          9,          6, 	      30294
iid:   890,          4,          5, 	      29073
iid:   891,          6,          5, 	      27762
iid:   892,          5,          5, 	      29771
iid:   893,          7,          4, 	      30675
iid:   894,          5,          6, 	      28917
iid:   895,          8,          5, 	      30580
iid:   896,          6,          5, 	      31841
iid:   897,          7,          4, 	      30222
iid:   898,          4,          5, 	      32975
iid:   899,          9,          5, 	      34467
iid:   900,          4,          5, 	      30495
iid:   901,          8,          7, 	      32827
iid:   902,          5,          5, 	      30695
iid:   903,          6,          4, 	      28739
iid:   904,          6,          5, 	      33657
iid:   905,          6,          5, 	      31990
iid:   906,          4,          5, 	      29794
iid:   907,          9,          6, 	      31093
iid:   908,          5,          5, 	      31507
iid:   909,          5,          4, 	      27175
iid:   910,          5,          5, 	      29185
iid:   911,          9,          6, 	      32292
iid:   912,          5,          4, 	      31079
iid:   913,          7,          5, 	      31678
iid:   914,          2,          5, 	      30718
iid:   915,          7,          4, 	      30190
iid:   916,          4,          5, 	      28039
iid:   917,          8,          6, 	      33418
iid:   918,          5,          4, 	      29989
iid:   919,          6,          5, 	      30088
iid:   920,          4,          5, 	      29015
iid:   921,          9,          5, 	      29802
iid:   922,          4,          4, 	      27795
iid:   923,          8,          6, 	      29314
iid:   924,          4,          4, 	      28462
iid:   925,          7,          6, 	      28426
iid:   926,          7,          4, 	      28218
iid:   927,          5,          7, 	      31503
iid:   928,          5,          4, 	      30991
iid:   929,          8,          5, 	      30228
iid:   930,          6,          5, 	      32447
iid:   931,          4,          4, 	      27720
iid:   932,          6,          7, 	      30047
iid:   933,          8,          4, 	      28570
iid:   934,          6,          5, 	      33671
iid:   935,          4,          5, 	      31959
iid:   936,          8,          5, 	      32361
iid:   937,          6,          5, 	      29911
iid:   938,          4,          5, 	      29211
iid:   939,          8,          6, 	      31567
iid:   940,          6,          4, 	      29069
iid:   941,          5,          5, 	      31677
iid:   942,          5,          4, 	      29546
iid:   943,          8,          7, 	      31927
iid:   944,          6,          5, 	      29992
iid:   945,          7,          5, 	      30013
iid:   946,          4,          5, 	      29010
iid:   947,          8,          4, 	      29442
iid:   948,          5,          5, 	      32013
iid:   949,          4,          5, 	      29495
iid:   950,         10,          5, 	      32382
iid:   951,          5,          5, 	      30194
iid:   952,          6,          5, 	      31076
iid:   953,          5,          6, 	      28592
iid:   954,          7,          5, 	      30073
iid:   955,          5,          4, 	      25804
iid:   956,          6,          7, 	      29643
iid:   957,          4,          4, 	      28992
iid:   958,          9,          5, 	      29463
iid:   959,          6,          5, 	      31639
iid:   960,          5,          6, 	      28575
iid:   961,          7,          5, 	      30769
iid:   962,          6,          4, 	      30308
iid:   963,          6,          6, 	      34300
iid:   964,          4,          5, 	      27508
iid:   965,          9,          5, 	      32451
iid:   966,          4,          5, 	      26974
iid:   967,          5,          4, 	      31322
iid:   968,          8,          5, 	      31785
iid:   969,          8,          5, 	      32089
iid:   970,          4,          5, 	      31438
iid:   971,          8,          6, 	      34101
iid:   972,          4,          4, 	      28208
iid:   973,          6,          5, 	      30112
iid:   974,          4,          5, 	      30721
iid:   975,          5,          5, 	      26636
iid:   976,         11,          5, 	      31680
iid:   977,          5,          5, 	      28375
iid:   978,          4,          7, 	      27781
iid:   979,          6,          4, 	      29773
iid:   980,          7,          4, 	      30317
iid:   981,          8,          4, 	      30852
iid:   982,          2,          7, 	      30081
iid:   983,          6,          5, 	      30902
iid:   984,          4,          4, 	      27418
iid:   985,          9,          6, 	      33996
iid:   986,          6,          4, 	      36483
iid:   987,          6,          3, 	      33841
iid:   988,          2,          7, 	      32939
iid:   989,          5,          4, 	      27767
iid:   990,          6,          5, 	      32026
iid:   991,          8,          4, 	      32503
iid:   992,          2,          4, 	      31797
iid:   993,          5,          4, 	      27056
iid:   994,          7,          6, 	      30304
iid:   995,          7,          5, 	      32374
iid:   996,          5,          4, 	      35529
iid:   997,          7,          3, 	      34372
iid:   998,          2,          6, 	      33470
iid:   999,          7,          5, 	      32647
iid:  1000,          4,          6, 	      29664
iid:  1001,          8,          4, 	      29817
iid:  1002,          5,          4, 	      30010
iid:  1003,          8,          3, 	      30635
iid:  1004,          2,          5, 	      29799
iid:  1005,          6,          6, 	      30406
iid:  1006,          5,          4, 	      26471
iid:  1007,          5,          6, 	      29317
iid:  1008,          6,          4, 	      28906
iid:  1009,          8,          7, 	      28618
iid:  1010,          5,          5, 	      28535
iid:  1011,          5,          4, 	      27281
iid:  1012,          6,          4, 	      32299
iid:  1013,          9,          5, 	      32919
iid:  1014,          5,          5, 	      32948
iid:  1015,          5,          6, 	      30763
iid:  1016,          5,          4, 	      30555
iid:  1017,          7,          5, 	      30094
iid:  1018,          7,          6, 	      35188
iid:  1019,          7,          4, 	      31033
iid:  1020,          6,          5, 	      34772
iid:  1021,          4,          4, 	      29253
iid:  1022,          6,          7, 	      31341
iid:  1023,          6,          4, 	      31270
iid:  1024,          4,          5, 	      27553
iid:  1025,         10,          5, 	      32285
iid:  1026,          5,          4, 	      32632
iid:  1027,          4,          8, 	      28611
iid:  1028,          6,          4, 	      27553
iid:  1029,          8,          5, 	      32024
iid:  1030,          7,          3, 	      32725
iid:  1031,          2,          6, 	      31976
iid:  1032,          6,          5, 	      27613
iid:  1033,          8,          4, 	      29436
iid:  1034,          4,          7, 	      34204
iid:  1035,          7,          5, 	      36363
iid:  1036,          4,          4, 	      29715
iid:  1037,          6,          3, 	      29078
iid:  1038,          2,          7, 	      28245
iid:  1039,          9,          4, 	      29393
iid:  1040,          5,          5, 	      29937
iid:  1041,          8,          4, 	      33320
iid:  1042,          4,          5, 	      32881
iid:  1043,          6,          4, 	      29923
iid:  1044,          7,          7, 	      29509
iid:  1045,          6,          4, 	      25954
iid:  1046,          6,          5, 	      30309
iid:  1047,          7,          3, 	      32737
iid:  1048,          2,          5, 	      32276
iid:  1049,          7,          6, 	      31053
iid:  1050,          4,          6, 	      26710
iid:  1051,          8,          4, 	      29415
iid:  1052,          5,          4, 	      32633
iid:  1053,          7,          3, 	      31519
iid:  1054,          2,          5, 	      30914
iid:  1055,          5,          6, 	      26714
iid:  1056,          9,          6, 	      30767
iid:  1057,          4,          4, 	      27883
iid:  1058,          8,          4, 	      33317
iid:  1059,          6,          4, 	      32016
iid:  1060,          5,          6, 	      34206
iid:  1061,          4,          5, 	      28311
iid:  1062,          9,          6, 	      31541
iid:  1063,          4,          5, 	      26953
iid:  1064,          7,          4, 	      29031
iid:  1065,          4,          5, 	      29470
iid:  1066,          6,          5, 	      26062
iid:  1067,         10,          5, 	      32163
iid:  1068,          4,          6, 	      31009
iid:  1069,          7,          5, 	      32957
iid:  1070,          6,          4, 	      30438
iid:  1071,          4,          5, 	      29645
iid:  1072,          5,          6, 	      28459
iid:  1073,          7,          5, 	      28576
iid:  1074,          5,          4, 	      29206
iid:  1075,          7,          5, 	      29592
iid:  1076,          7,          5, 	      29259
iid:  1077,          4,          5, 	      29740
iid:  1078,          8,          6, 	      29439
iid:  1079,          4,          5, 	      28904
iid:  1080,          8,          4, 	      28916
iid:  1081,          8,          6, 	      32931
iid:  1082,          4,          5, 	      30096
iid:  1083,          9,          4, 	      31040
iid:  1084,          4,          6, 	      33814
iid:  1085,          4,          4, 	      26366
iid:  1086,          9,          6, 	      33269
iid:  1087,          4,          4, 	      28099
iid:  1088,          5,          6, 	      29264
iid:  1089,          8,          6, 	      30740
iid:  1090,          4,          5, 	      26653
iid:  1091,          7,          6, 	      31303
iid:  1092,          7,          4, 	      30599
iid:  1093,          4,          6, 	      30345
iid:  1094,          9,          4, 	      35123
iid:  1095,          4,          6, 	      34618
iid:  1096,          4,          5, 	      28242
iid:  1097,         10,          3, 	      39077
iid:  1098,          2,          4, 	      35495
iid:  1099,          4,          5, 	      33077
iid:  1100,          4,          6, 	      30557
iid:  1101,         10,          4, 	      27817
iid:  1102,          5,          3, 	      31856
iid:  1103,          2,          7, 	      31506
iid:  1104,          8,          5, 	      25746
iid:  1105,          4,          3, 	      34234
iid:  1106,          2,          6, 	      33804
iid:  1107,         11,          4, 	      31177
iid:  1108,          4,          4, 	      30946
iid:  1109,          4,          4, 	      30927
iid:  1110,          2,          4, 	      30155
iid:  1111,         11,          6, 	      42085
iid:  1112,          5,          4, 	      39470
iid:  1113,          7,          6, 	      41702
iid:  1114,          5,          6, 	      26448
iid:  1115,          7,          5, 	      30314
iid:  1116,          4,          4, 	      29881
iid:  1117,          8,          4, 	      29409
iid:  1118,          4,          4, 	      28781
iid:  1119,          9,          4, 	      35693
iid:  1120,          4,          6, 	      35725
iid:  1121,          4,          5, 	      31944
iid:  1122,          5,          5, 	      28936
iid:  1123,         10,          6, 	      30840
iid:  1124,          4,          4, 	      31312
iid:  1125,          7,          6, 	      27463
iid:  1126,          4,          4, 	      27380
iid:  1127,          8,          6, 	      27931
iid:  1128,          6,          6, 	      28648
iid:  1129,          5,          4, 	      26296
iid:  1130,          9,          3, 	      32290
iid:  1131,          2,          5, 	      28215
iid:  1132,          4,          5, 	      29413
iid:  1133,          7,          5, 	      31110
iid:  1134,          4,          5, 	      30307
iid:  1135,          7,          4, 	      27477
iid:  1136,          8,          6, 	      31410
iid:  1137,          7,          5, 	      31072
iid:  1138,          4,          4, 	      26161
iid:  1139,          4,          7, 	      28115
iid:  1140,          9,          6, 	      26707
iid:  1141,          6,          3, 	      28876
iid:  1142,          2,          5, 	      28504
iid:  1143,          7,          5, 	      27098
iid:  1144,          7,          5, 	      31693
iid:  1145,          5,          4, 	      29317
iid:  1146,          8,          6, 	      33283
iid:  1147,          4,          4, 	      29421
iid:  1148,          6,          5, 	      33774
iid:  1149,          4,          4, 	      30649
iid:  1150,          5,          6, 	      30356
iid:  1151,          8,          4, 	      27593
iid:  1152,          6,          3, 	      31343
iid:  1153,          2,          8, 	      30306
iid:  1154,          7,          4, 	      27918
iid:  1155,          4,          6, 	      31246
iid:  1156,          4,          4, 	      27916
iid:  1157,         13,          7, 	      33229
iid:  1158,          6,          4, 	      26351
iid:  1159,          5,          4, 	      32786
iid:  1160,          8,          3, 	      36410
iid:  1161,          2,          3, 	      36143
iid:  1162,          2,          4, 	      35914
iid:  1163,          2,          4, 	      35317
iid:  1164,          2,          7, 	      29330
iid:  1165,          7,          4, 	      37565
iid:  1166,          4,          3, 	      40074
iid:  1167,          2,          5, 	      36348
iid:  1168,          5,          6, 	      31327
iid:  1169,         11,          4, 	      29380
iid:  1170,          6,          4, 	      26874
iid:  1171,          5,          4, 	      32609
iid:  1172,          8,          5, 	      35227
iid:  1173,          6,          3, 	      38589
iid:  1174,          2,          6, 	      38273
iid:  1175,          5,          4, 	      26377
iid:  1176,          5,          4, 	      28836
iid:  1177,          7,          4, 	      34782
iid:  1178,          7,          5, 	      41205
iid:  1179,          4,          4, 	      36943
iid:  1180,          2,          6, 	      28898
iid:  1181,         11,          5, 	      28268
iid:  1182,          4,          6, 	      32019
iid:  1183,          6,          5, 	      27641
iid:  1184,          7,          4, 	      32572
iid:  1185,          8,          4, 	      36707
iid:  1186,          2,          3, 	      31233
iid:  1187,          2,          7, 	      30646
iid:  1188,          7,          5, 	      26424
iid:  1189,          4,          3, 	      28961
iid:  1190,          2,          4, 	      28835
iid:  1191,          9,          5, 	      35463
iid:  1192,          5,          3, 	      33577
iid:  1193,          2,          6, 	      29033
iid:  1194,          9,          4, 	      29836
iid:  1195,          4,          4, 	      29861
iid:  1196,          7,          3, 	      31381
iid:  1197,          2,          6, 	      31040
iid:  1198,          4,          4, 	      27801
iid:  1199,          9,          5, 	      30023
iid:  1200,          4,          5, 	      28756
iid:  1201,          4,          4, 	      27559
iid:  1202,         10,          5, 	      30200
iid:  1203,          5,          5, 	      30504
iid:  1204,          6,          5, 	      30540
iid:  1205,          6,          5, 	      28181
iid:  1206,          6,          4, 	      28494
iid:  1207,          7,          5, 	      31431
iid:  1208,          2,          5, 	      30718
iid:  1209,          5,          4, 	      26812
iid:  1210,          5,          4, 	      31210
iid:  1211,          4,          6, 	      30971
iid:  1212,          8,          5, 	      27116
iid:  1213,          9,          5, 	      32932
iid:  1214,          7,          4, 	      30040
iid:  1215,          6,          7, 	      35101
iid:  1216,          6,          5, 	      33961
iid:  1217,          4,          6, 	      26617
iid:  1218,          7,          4, 	      30559
iid:  1219,          5,          5, 	      31744
iid:  1220,          7,          3, 	      34424
iid:  1221,          3,          5, 	      31379
iid:  1222,          6,          5, 	      33251
iid:  1223,          5,          4, 	      30712
iid:  1224,          4,          7, 	      29375
iid:  1225,         10,          4, 	      30480
iid:  1226,          6,          3, 	      30756
iid:  1227,          2,          7, 	      30459
iid:  1228,          7,          4, 	      26762
iid:  1229,          6,          5, 	      29825
iid:  1230,          7,          4, 	      31948
iid:  1231,          2,          5, 	      31234
iid:  1232,          6,          4, 	      30112
iid:  1233,          4,          4, 	      29360
iid:  1234,          4,          6, 	      28114
iid:  1235,          9,          5, 	      27027
iid:  1236,          8,          3, 	      31024
iid:  1237,          2,          4, 	      30366
iid:  1238,          8,          6, 	      31739
iid:  1239,          5,          7, 	      30268
iid:  1240,          5,          3, 	      29304
iid:  1241,          2,          6, 	      28842
iid:  1242,          8,          4, 	      28962
iid:  1243,          5,          3, 	      30367
iid:  1244,          2,          4, 	      29938
iid:  1245,          7,          6, 	      28371
iid:  1246,          6,          4, 	      28240
iid:  1247,          6,          3, 	      31679
iid:  1248,          2,          6, 	      28229
iid:  1249,          8,          4, 	      30445
iid:  1250,          5,          3, 	      28429
iid:  1251,          2,          6, 	      27334
iid:  1252,          6,          5, 	      26638
iid:  1253,          7,          4, 	      26285
iid:  1254,          6,          5, 	      28329
iid:  1255,          5,          5, 	      29907
iid:  1256,          8,          5, 	      30606
iid:  1257,          5,          3, 	      28107
iid:  1258,          2,          5, 	      27657
iid:  1259,          7,          5, 	      27018
iid:  1260,          6,          4, 	      29762
iid:  1261,          4,          5, 	      29681
iid:  1262,          6,          6, 	      26776
iid:  1263,          8,          4, 	      27609
iid:  1264,          7,          5, 	      28128
iid:  1265,          4,          5, 	      29110
iid:  1266,          9,          5, 	      30464
iid:  1267,          5,          4, 	      28348
iid:  1268,          6,          5, 	      29492
iid:  1269,          5,          7, 	      28841
iid:  1270,          7,          5, 	      27639
iid:  1271,          6,          4, 	      28645
iid:  1272,          6,          6, 	      30324
iid:  1273,          5,          5, 	      28245
iid:  1274,          9,          4, 	      29134
iid:  1275,          4,          5, 	      29809
iid:  1276,          4,          6, 	      27935
iid:  1277,         10,          4, 	      29512
iid:  1278,          4,          5, 	      29185
iid:  1279,          4,          5, 	      28366
iid:  1280,         10,          6, 	      32434
iid:  1281,          4,          4, 	      27481
iid:  1282,          8,          3, 	      30858
iid:  1283,          2,          7, 	      30166
iid:  1284,          4,          5, 	      27913
iid:  1285,          6,          4, 	      26993
iid:  1286,          4,          5, 	      28394
iid:  1287,         10,          5, 	      31732
iid:  1288,          4,          6, 	      26739
iid:  1289,         10,          5, 	      31084
iid:  1290,          4,          4, 	      27106
iid:  1291,          6,          5, 	      31880
iid:  1292,          6,          4, 	      30449
iid:  1293,          7,          6, 	      33331
iid:  1294,          5,          4, 	      31024
iid:  1295,          8,          6, 	      32409
iid:  1296,          4,          6, 	      35400
iid:  1297,          4,          4, 	      28321
iid:  1298,         10,          5, 	      32615
iid:  1299,          4,          4, 	      31836
iid:  1300,          4,          6, 	      27228
iid:  1301,          9,          5, 	      29527
iid:  1302,          4,          6, 	      28391
iid:  1303,          7,          4, 	      27210
iid:  1304,          4,          6, 	      30556
iid:  1305,          4,          4, 	      27973
iid:  1306,         10,          7, 	      27643
iid:  1307,          6,          6, 	      27517
iid:  1308,          6,          4, 	      26664
iid:  1309,          6,          3, 	      33266
iid:  1310,          2,          4, 	      32809
iid:  1311,          9,          4, 	      34207
iid:  1312,          2,          5, 	      33481
iid:  1313,          4,          6, 	      29121
iid:  1314,          6,          4, 	      31501
iid:  1315,          4,          5, 	      32135
iid:  1316,         11,          4, 	      36666
iid:  1317,          6,          4, 	      33858
iid:  1318,          2,          7, 	      28214
iid:  1319,          7,          4, 	      31339
iid:  1320,          5,          4, 	      29144
iid:  1321,          7,          3, 	      31562
iid:  1322,          2,          7, 	      31020
iid:  1323,          5,          3, 	      30905
iid:  1324,          2,          4, 	      28009
iid:  1325,          7,          6, 	      28328
iid:  1326,          8,          4, 	      28903
iid:  1327,          5,          4, 	      32654
iid:  1328,          4,          6, 	      32281
iid:  1329,          9,          5, 	      28658
iid:  1330,          5,          6, 	      29655
iid:  1331,          6,          4, 	      27358
iid:  1332,          6,          4, 	      30735
iid:  1333,          6,          5, 	      26905
iid:  1334,          7,          3, 	      29391
iid:  1335,          2,          6, 	      28885
iid:  1336,          7,          4, 	      30209
iid:  1337,          4,          5, 	      27767
iid:  1338,          5,          5, 	      30255
iid:  1339,          9,          5, 	      31188
iid:  1340,          4,          5, 	      29482
iid:  1341,          5,          5, 	      29224
iid:  1342,          7,          5, 	      26704
iid:  1343,          8,          4, 	      31073
iid:  1344,          5,          4, 	      29008
iid:  1345,          2,          6, 	      27851
iid:  1346,          9,          4, 	      30232
iid:  1347,          4,          5, 	      28280
iid:  1348,          9,          6, 	      33540
iid:  1349,          4,          6, 	      28841
iid:  1350,          7,          4, 	      26254
iid:  1351,          5,          5, 	      29348
iid:  1352,          7,          5, 	      31714
iid:  1353,          5,          4, 	      31079
iid:  1354,          7,          5, 	      30350
iid:  1355,          4,          5, 	      29909
iid:  1356,          8,          6, 	      28418
iid:  1357,          5,          4, 	      29153
iid:  1358,          6,          5, 	      30007
iid:  1359,          4,          5, 	      28840
iid:  1360,          9,          5, 	      30196
iid:  1361,          5,          5, 	      28334
iid:  1362,          6,          6, 	      30076
iid:  1363,          5,          5, 	      26878
iid:  1364,          9,          4, 	      28136
iid:  1365,          4,          5, 	      30843
iid:  1366,          7,          6, 	      30866
iid:  1367,          4,          5, 	      26746
iid:  1368,          8,          4, 	      28658
iid:  1369,          5,          5, 	      29440
iid:  1370,          7,          6, 	      29063
iid:  1371,          4,          4, 	      29262
iid:  1372,          8,          5, 	      28728
iid:  1373,          6,          5, 	      28905
iid:  1374,          4,          6, 	      28107
iid:  1375,          6,          4, 	      27919
iid:  1376,          8,          5, 	      27919
iid:  1377,          6,          6, 	      30966
iid:  1378,          4,          5, 	      26716
iid:  1379,          6,          5, 	      29541
iid:  1380,          8,          5, 	      28063
iid:  1381,          6,          6, 	      28487
iid:  1382,          8,          5, 	      31546
iid:  1383,          4,          5, 	      28600
iid:  1384,          5,          4, 	      27167
iid:  1385,          7,          6, 	      32865
iid:  1386,          4,          5, 	      29635
iid:  1387,          6,          4, 	      26411
iid:  1388,          8,          5, 	      29573
iid:  1389,          4,          5, 	      32221
iid:  1390,          8,          6, 	      29230
iid:  1391,          4,          5, 	      27709
iid:  1392,          9,          6, 	      28135
iid:  1393,          5,          4, 	      27817
iid:  1394,          5,          6, 	      29524
iid:  1395,          8,          4, 	      30531
iid:  1396,          7,          5, 	      33282
iid:  1397,          4,          4, 	      27203
iid:  1398,          9,          6, 	      32514
iid:  1399,          4,          5, 	      30892
iid:  1400,          6,          4, 	      29959
iid:  1401,          4,          5, 	      28174
iid:  1402,         10,          6, 	      33466
iid:  1403,          4,          5, 	      28990
iid:  1404,          7,          6, 	      29860
iid:  1405,          4,          5, 	      27974
iid:  1406,          9,          5, 	      30177
iid:  1407,          4,          4, 	      27786
iid:  1408,          4,          6, 	      27994
iid:  1409,          9,          4, 	      31744
iid:  1410,          4,          6, 	      27849
iid:  1411,          8,          5, 	      32650
iid:  1412,          6,          5, 	      30934
iid:  1413,          4,          4, 	      30116
iid:  1414,          5,          5, 	      26589
iid:  1415,          8,          6, 	      29105
iid:  1416,          7,          4, 	      28573
iid:  1417,          7,          4, 	      32310
iid:  1418,          2,          5, 	      31529
iid:  1419,          5,          5, 	      28587
iid:  1420,          5,          6, 	      28564
iid:  1421,          5,          5, 	      27059
iid:  1422,          8,          5, 	      26956
iid:  1423,          6,          4, 	      31664
iid:  1424,          4,          3, 	      28569
iid:  1425,          2,          6, 	      28047
iid:  1426,         11,          5, 	      28004
iid:  1427,          8,          4, 	      38226
iid:  1428,          2,          5, 	      37253
iid:  1429,          4,          5, 	      31158
iid:  1430,          4,          5, 	      30597
iid:  1431,          4,          5, 	      29212
iid:  1432,          8,          5, 	      42213
iid:  1433,          4,          5, 	      35209
iid:  1434,          4,          3, 	      34755
iid:  1435,          2,          8, 	      34222
iid:  1436,         14,          4, 	      26257
iid:  1437,          5,          4, 	      34155
iid:  1438,          9,          3, 	      38268
iid:  1439,          2,          3, 	      37887
iid:  1440,          2,          6, 	      36556
iid:  1441,          2,          4, 	      34977
iid:  1442,          6,          4, 	      32809
iid:  1443,          4,          4, 	      32609
iid:  1444,          9,          3, 	      39664
iid:  1445,          2,          5, 	      35996
iid:  1446,          4,          5, 	      29158
iid:  1447,         10,          5, 	      29418
iid:  1448,          6,          4, 	      26319
iid:  1449,          5,          6, 	      30539
iid:  1450,          7,          3, 	      30852
iid:  1451,          2,          7, 	      30483
iid:  1452,          7,          4, 	      31909
iid:  1453,          4,          4, 	      31776
iid:  1454,          5,          5, 	      28158
iid:  1455,          8,          4, 	      30727
iid:  1456,          6,          4, 	      38093
iid:  1457,          4,          4, 	      37325
iid:  1458,          2,          6, 	      29958
iid:  1459,         10,          6, 	      30938
iid:  1460,          4,          3, 	      30821
iid:  1461,          2,          6, 	      30490
iid:  1462,          9,          6, 	      27203
iid:  1463,          5,          4, 	      30239
iid:  1464,          7,          3, 	      33000
iid:  1465,          2,          4, 	      32535
iid:  1466,          8,          5, 	      29810
iid:  1467,          4,          3, 	      30485
iid:  1468,          2,          5, 	      30019
iid:  1469,          9,          4, 	      28423
iid:  1470,          4,          3, 	      28529
iid:  1471,          2,          6, 	      28150
iid:  1472,          9,          5, 	      29845
iid:  1473,          4,          5, 	      28178
iid:  1474,          7,          3, 	      28275
iid:  1475,          2,          5, 	      27836
iid:  1476,          8,          5, 	      28710
iid:  1477,          5,          4, 	      28405
iid:  1478,          7,          6, 	      30558
iid:  1479,          6,          5, 	      29100
iid:  1480,          6,          4, 	      32476
iid:  1481,          5,          4, 	      33139
iid:  1482,          2,          5, 	      29973
iid:  1483,          5,          5, 	      33226
iid:  1484,          4,          3, 	      29790
iid:  1485,          2,          5, 	      29373
iid:  1486,          4,          5, 	      30398
iid:  1487,          4,          5, 	      26622
iid:  1488,          4,          4, 	      25934
iid:  1489,         13,         10, 	     174041
iid:  1490,         10,          4, 	      25878
iid:  1491,          8,          3, 	      33342
iid:  1492,          2,          4, 	      32809
iid:  1493,          8,          3, 	      37573
iid:  1494,          2,          3, 	      37138
iid:  1495,          2,          3, 	      35955
iid:  1496,          2,          4, 	      35863
iid:  1497,          6,          4, 	      45772
iid:  1498,          4,          6, 	      52602
iid:  1499,          4,          4, 	      44910
iid:  1500,          2,          6, 	      27905
iid:  1501,         13,          4, 	      26402
iid:  1502,          5,          3, 	      37699
iid:  1503,          2,          5, 	      30335
iid:  1504,          9,          3, 	      35767
iid:  1505,          2,          3, 	      35444
iid:  1506,          2,          3, 	      35146
iid:  1507,          2,          6, 	      29911
iid:  1508,          8,          4, 	      31066
iid:  1509,          4,          4, 	      35844
iid:  1510,          8,          4, 	      37352
iid:  1511,          2,          5, 	      31550
iid:  1512,          8,          6, 	      28596
iid:  1513,          4,          4, 	      27846
iid:  1514,          8,          4, 	      28364
iid:  1515,          7,          4, 	      30791
iid:  1516,          2,          4, 	      30055
iid:  1517,          6,          3, 	      33737
iid:  1518,          2,          6, 	      30540
iid:  1519,          7,          6, 	      26461
iid:  1520,          5,          4, 	      28846
iid:  1521,          7,          4, 	      32882
iid:  1522,          6,          3, 	      30936
iid:  1523,          2,          6, 	      30107
iid:  1524,          8,          5, 	      29534
iid:  1525,          4,          4, 	      28938
iid:  1526,          4,          5, 	      28910
iid:  1527,          9,          4, 	      29100
iid:  1528,          5,          5, 	      30106
iid:  1529,          4,          5, 	      29431
iid:  1530,          6,          5, 	      28451
iid:  1531,          6,          5, 	      28225
iid:  1532,          8,          5, 	      28729
iid:  1533,          6,          5, 	      28038
iid:  1534,          6,          5, 	      30148
iid:  1535,          8,          5, 	      29672
iid:  1536,          4,          5, 	      29696
iid:  1537,          4,          5, 	      28931
iid:  1538,          7,          5, 	      31864
iid:  1539,          4,          5, 	      28969
iid:  1540,          8,          5, 	      30263
iid:  1541,          9,          7, 	      32356
iid:  1542,          6,          5, 	      30507
iid:  1543,          6,          4, 	      32227
iid:  1544,          6,          4, 	      34797
iid:  1545,          2,          6, 	      30157
iid:  1546,          8,          3, 	      31115
iid:  1547,          2,          5, 	      30758
iid:  1548,          6,          5, 	      28119
iid:  1549,          7,          3, 	      34062
iid:  1550,          2,          4, 	      33649
iid:  1551,          7,          6, 	      34259
iid:  1552,          4,          5, 	      28306
iid:  1553,          8,          4, 	      31997
iid:  1554,          4,          5, 	      26926
iid:  1555,          7,          5, 	      32626
iid:  1556,          5,          4, 	      29256
iid:  1557,          4,          3, 	      30797
iid:  1558,          2,          5, 	      27691
iid:  1559,         10,          5, 	      28816
iid:  1560,          4,          5, 	      28314
iid:  1561,          6,          6, 	      26723
iid:  1562,          4,          5, 	      28780
iid:  1563,         10,          5, 	      26841
iid:  1564,          7,          4, 	      30909
iid:  1565,          2,          4, 	      28156
iid:  1566,          6,          6, 	      27358
iid:  1567,          7,          4, 	      31984
iid:  1568,          7,          4, 	      35926
iid:  1569,          2,          5, 	      33183
iid:  1570,          4,          6, 	      30027
iid:  1571,          5,          4, 	      28183
iid:  1572,          4,          4, 	      27981
iid:  1573,          6,          6, 	      32074
iid:  1574,          8,          4, 	      28973
iid:  1575,          8,          3, 	      30992
iid:  1576,          2,          6, 	      29909
iid:  1577,          9,          6, 	      32566
iid:  1578,          6,          3, 	      30355
iid:  1579,          2,          5, 	      29497
iid:  1580,          6,          4, 	      29737
iid:  1581,          2,          5, 	      28891
iid:  1582,          7,          3, 	      29165
iid:  1583,          2,          5, 	      28787
iid:  1584,          7,          4, 	      30379
iid:  1585,          4,          3, 	      29937
iid:  1586,          2,          6, 	      29121
iid:  1587,          7,          4, 	      28057
iid:  1588,          8,          5, 	      28223
iid:  1589,          7,          5, 	      30442
iid:  1590,          6,          4, 	      28951
iid:  1591,          6,          5, 	      32199
iid:  1592,          5,          4, 	      30945
iid:  1593,          7,          6, 	      33030
iid:  1594,          4,          5, 	      29888
iid:  1595,          9,          4, 	      30140
iid:  1596,          4,          5, 	      29903
iid:  1597,          4,          5, 	      31450
iid:  1598,          8,          5, 	      32657
iid:  1599,          5,          4, 	      28849
iid:  1600,          8,          6, 	      32170
iid:  1601,          5,          6, 	      29016
iid:  1602,          4,          6, 	      29237
iid:  1603,          8,          3, 	      29891
iid:  1604,          2,          5, 	      29516
iid:  1605,          8,          5, 	      29765
iid:  1606,          5,          4, 	      30594
iid:  1607,          4,          6, 	      29952
iid:  1608,          9,          5, 	      29493
iid:  1609,          5,          5, 	      32608
iid:  1610,          4,          4, 	      30009
iid:  1611,          6,          5, 	      29331
iid:  1612,          9,          5, 	      31585
iid:  1613,          4,          4, 	      29053
iid:  1614,          9,          6, 	      33555
iid:  1615,          4,          5, 	      30542
iid:  1616,          8,          4, 	      29161
iid:  1617,          5,          6, 	      27191
iid:  1618,          6,          5, 	      32182
iid:  1619,          6,          6, 	      33548
iid:  1620,          6,          4, 	      29694
iid:  1621,          8,          5, 	      34557
iid:  1622,          4,          6, 	      31017
iid:  1623,          6,          5, 	      32134
iid:  1624,          5,          4, 	      29240
iid:  1625,          2,          5, 	      28118
iid:  1626,          9,          4, 	      32919
iid:  1627,          4,          5, 	      31937
iid:  1628,          4,          7, 	      28090
iid:  1629,         10,          4, 	      29398
iid:  1630,          6,          5, 	      37130
iid:  1631,          7,          3, 	      35563
iid:  1632,          2,          5, 	      34630
iid:  1633,          6,          4, 	      29271
iid:  1634,          4,          7, 	      29359
iid:  1635,          4,          5, 	      31979
iid:  1636,          9,          4, 	      29218
iid:  1637,          6,          4, 	      30563
iid:  1638,          4,          3, 	      30296
iid:  1639,          2,          7, 	      29230
iid:  1640,         11,          5, 	      27062
iid:  1641,          5,          4, 	      30757
iid:  1642,          7,          5, 	      32102
iid:  1643,          7,          4, 	      33692
iid:  1644,          4,          6, 	      29782
iid:  1645,          7,          6, 	      33012
iid:  1646,          4,          4, 	      28927
iid:  1647,          5,          4, 	      27839
iid:  1648,          8,          4, 	      29892
iid:  1649,          4,          5, 	      30308
iid:  1650,          5,          8, 	      27009
iid:  1651,          9,          4, 	      27553
iid:  1652,          6,          4, 	      32167
iid:  1653,          7,          6, 	      30179
iid:  1654,          4,          5, 	      29972
iid:  1655,          8,          5, 	      28745
iid:  1656,          5,          5, 	      30313
iid:  1657,          4,          5, 	      29492
iid:  1658,          6,          4, 	      29247
iid:  1659,          7,          5, 	      30612
iid:  1660,          4,          5, 	      32263
iid:  1661,          7,          6, 	      28816
iid:  1662,          8,          5, 	      31217
iid:  1663,          4,          4, 	      26916
iid:  1664,          9,          6, 	      32994
iid:  1665,          6,          5, 	      34996
iid:  1666,          6,          4, 	      29847
iid:  1667,          4,          7, 	      30426
iid:  1668,          9,          4, 	      32736
iid:  1669,          5,          5, 	      31073
iid:  1670,          4,          4, 	      30869
iid:  1671,          2,          6, 	      29467
iid:  1672,          9,          4, 	      31263
iid:  1673,          4,          5, 	      31397
iid:  1674,          4,          6, 	      28998
iid:  1675,         10,          4, 	      29104
iid:  1676,          5,          4, 	      29366
iid:  1677,          4,          7, 	      31039
iid:  1678,         10,          5, 	      27893
iid:  1679,          6,          4, 	      31055
iid:  1680,          2,          4, 	      29810
iid:  1681,          4,          6, 	      29480
iid:  1682,          9,          4, 	      28968
iid:  1683,          4,          6, 	      29142
iid:  1684,          4,          4, 	      30580
iid:  1685,          9,          3, 	      32246
iid:  1686,          2,          4, 	      31748
iid:  1687,          9,          7, 	      34127
iid:  1688,          4,          4, 	      33087
iid:  1689,          8,          3, 	      31822
iid:  1690,          2,          5, 	      31392
iid:  1691,          6,          6, 	      32163
iid:  1692,          7,          5, 	      32635
iid:  1693,          4,          4, 	      29006
iid:  1694,          4,          5, 	      29736
iid:  1695,          8,          4, 	      29262
iid:  1696,          4,          5, 	      28619
iid:  1697,          4,          5, 	      30108
iid:  1698,          7,          9, 	      30606
iid:  1699,         11,          4, 	      27087
iid:  1700,          6,          4, 	      35832
iid:  1701,          7,          4, 	      33590
iid:  1702,          2,          4, 	      33325
iid:  1703,          6,          3, 	      38453
iid:  1704,          2,          6, 	      37589
iid:  1705,          4,          5, 	      30652
iid:  1706,          8,          4, 	      36315
iid:  1707,          4,          4, 	      30528
iid:  1708,          4,          5, 	      36360
iid:  1709,          8,          6, 	      30821
iid:  1710,         10,          6, 	      27240
iid:  1711,          6,          4, 	      27361
iid:  1712,          5,          6, 	      33458
iid:  1713,          7,          3, 	      31569
iid:  1714,          2,          4, 	      31178
iid:  1715,          7,          5, 	      34986
iid:  1716,          4,          3, 	      31530
iid:  1717,          3,          6, 	      31074
iid:  1718,          5,          4, 	      26648
iid:  1719,          7,          4, 	      29858
iid:  1720,          5,          5, 	      31256
iid:  1721,          5,          7, 	      28098
iid:  1722,         10,          5, 	      28561
iid:  1723,          5,          5, 	      27795
iid:  1724,          5,          5, 	      30578
iid:  1725,          6,          4, 	      30542
iid:  1726,          8,          5, 	      31583
iid:  1727,          5,          5, 	      31735
iid:  1728,          8,          5, 	      33318
iid:  1729,          4,          6, 	      30403
iid:  1730,          7,          4, 	      27020
iid:  1731,          5,          4, 	      33101
iid:  1732,          8,          4, 	      34740
iid:  1733,          2,          5, 	      33664
iid:  1734,          5,          4, 	      28353
iid:  1735,          5,          8, 	      31268
iid:  1736,          7,          4, 	      30438
iid:  1737,          5,          3, 	      35619
iid:  1738,          2,          4, 	      31779
iid:  1739,          6,          5, 	      32230
iid:  1740,          4,          6, 	      30928
iid:  1741,         11,          6, 	      31474
iid:  1742,          5,          4, 	      29681
iid:  1743,          8,          5, 	      33187
iid:  1744,          7,          4, 	      30920
iid:  1745,          5,          4, 	      34471
iid:  1746,          2,          7, 	      33548
iid:  1747,          7,          5, 	      33424
iid:  1748,          4,          4, 	      31404
iid:  1749,          6,          3, 	      32769
iid:  1750,          2,          5, 	      32456
iid:  1751,          4,          5, 	      31806
iid:  1752,         11,          4, 	      35212
iid:  1753,          4,          7, 	      31310
iid:  1754,          7,          4, 	      26797
iid:  1755,          6,          4, 	      31476
iid:  1756,          7,          4, 	      34239
iid:  1757,          2,          6, 	      33210
iid:  1758,          5,          6, 	      29141
iid:  1759,          8,          4, 	      30278
iid:  1760,          5,          3, 	      35287
iid:  1761,          2,          4, 	      34976
iid:  1762,          4,          5, 	      30045
iid:  1763,          9,          4, 	      35767
iid:  1764,          4,          7, 	      30083
iid:  1765,          7,          4, 	      30013
iid:  1766,          7,          5, 	      27220
iid:  1767,          5,          4, 	      29330
iid:  1768,          5,          9, 	      29845
iid:  1769,         10,          4, 	      30012
iid:  1770,          7,          3, 	      33084
iid:  1771,          2,          5, 	      32806
iid:  1772,          6,          4, 	      31686
iid:  1773,          4,          3, 	      31623
iid:  1774,          2,          7, 	      30633
iid:  1775,          5,          4, 	      28439
iid:  1776,          9,          4, 	      31260
iid:  1777,          4,          4, 	      29762
iid:  1778,          4,          6, 	      31822
iid:  1779,          8,          6, 	      27955
iid:  1780,          7,          3, 	      29354
iid:  1781,          2,          5, 	      28876
iid:  1782,         10,          3, 	      29452
iid:  1783,          2,          6, 	      28573
iid:  1784,          7,          3, 	      32082
iid:  1785,          2,          5, 	      31251
iid:  1786,          5,          5, 	      34240
iid:  1787,          5,          4, 	      31287
iid:  1788,          6,          5, 	      37635
iid:  1789,          4,          4, 	      33288
iid:  1790,          4,          4, 	      28421
iid:  1791,          5,          6, 	      30735
iid:  1792,         12,          6, 	      29849
iid:  1793,          4,          7, 	      27341
iid:  1794,          4,          4, 	      31340
iid:  1795,          4,          4, 	      33372
iid:  1796,          4,          3, 	      35001
iid:  1797,          2,          5, 	      34465
iid:  1798,         14,          3, 	     151795
iid:  1799,          2,          4, 	     151065
iid:  1800,          2,          8, 	     149839
iid:  1801,         14,          4, 	      29985
iid:  1802,          5,          3, 	      33309
iid:  1803,          2,          4, 	      32865
iid:  1804,          6,          3, 	      35332
iid:  1805,          2,          3, 	      34822
iid:  1806,          2,          3, 	      34406
iid:  1807,          2,          6, 	      33959
iid:  1808,          8,          4, 	      36767
iid:  1809,          4,          4, 	      35870
iid:  1810,          4,          7, 	      37863
iid:  1811,         11,          5, 	      28757
iid:  1812,          8,          4, 	      30306
iid:  1813,          5,          4, 	      25981
iid:  1814,          6,          6, 	      29959
iid:  1815,          6,          3, 	      33013
iid:  1816,          2,          3, 	      32429
iid:  1817,          2,          5, 	      31953
iid:  1818,          6,          5, 	      30236
iid:  1819,          6,          4, 	      30889
iid:  1820,          4,          4, 	      29825
iid:  1821,          9,          5, 	      37811
iid:  1822,          4,          6, 	      31393
iid:  1823,          4,          5, 	      28818
iid:  1824,          9,          7, 	      30556
iid:  1825,          6,          3, 	      30067
iid:  1826,          2,          4, 	      28794
iid:  1827,         10,          6, 	      37561
iid:  1828,          5,          3, 	      30773
iid:  1829,          2,          5, 	      30435
iid:  1830,          8,          4, 	      33712
iid:  1831,          4,          5, 	      32726
iid:  1832,          4,          4, 	      31012
iid:  1833,          4,          3, 	      32019
iid:  1834,          2,          5, 	      27339
iid:  1835,         10,          4, 	      28568
iid:  1836,          4,          7, 	      28610
iid:  1837,         10,          6, 	      27587
iid:  1838,          7,          3, 	      30797
iid:  1839,          2,          6, 	      30408
iid:  1840,          7,          4, 	      27841
iid:  1841,          4,          4, 	      31817
iid:  1842,          5,          6, 	      30966
iid:  1843,         10,          4, 	      28493
iid:  1844,          4,          3, 	      30743
iid:  1845,          2,          5, 	      29442
iid:  1846,          4,          5, 	      29755
iid:  1847,         10,          5, 	      33755
i