iid:     9,          6,          4, 	      35325
iid:    10,          4,          4, 	      35579
iid:    11,          4,          4, 	      42992
iid:    12,          9,          4, 	      54924
iid:    13,         12,          3, 	      57758
iid:    14,          2,          4, 	      56883
iid:    15,          5,          4, 	      66547
iid:    16,          5,          3, 	      68068
iid:    17,          2,          3, 	      67713
iid:    18,          3,          6, 	      68142
iid:    19,          2,          4, 	      33459
iid:    20,         12,          5, 	      51287
iid:    21,         13,          5, 	      46564
iid:    22,          2,          4, 	      34757
iid:    23,          5,          3, 	      39692
iid:    24,          2,          6, 	      39122
iid:    25,          4,          3, 	      23669
iid:    26,          2,          4, 	      22784
iid:    27,         24,          4, 	      33514
iid:    28,         12,          4, 	      38754
iid:    29,          4,          5, 	      38527
iid:    30,          2,          4, 	      28827
iid:    31,         10,          4, 	      34533
iid:    32,          4,          5, 	      33736
iid:    33,          2,          4, 	      23865
iid:    34,          4,          6, 	      18145
iid:    35,          5,          4, 	      17399
iid:    36,         12,          4, 	      17756
iid:    37,         14,          6, 	      32590
iid:    38,          4,          7, 	      22003
iid:    39,          6,          4, 	      22661
iid:    40,          4,          6, 	      23146
iid:    41,         25,          4, 	      17528
iid:    42,          5,          4, 	      21641
iid:    43,          7,          3, 	      22122
iid:    44,          2,          5, 	      21590
iid:    45,          2,          4, 	      19700
iid:    46,         27,          6, 	      33427
iid:    47,          4,          4, 	      26068
iid:    48,          4,          4, 	      24972
iid:    49,          2,          4, 	      20431
iid:    50,          4,          5, 	      19310
iid:    51,          4,          5, 	      16201
iid:    52,         18,          4, 	      27359
iid:    53,          6,          8, 	      26681
iid:    54,          4,          4, 	      24661
iid:    55,          3,          4, 	      23882
iid:    56,         23,          3, 	      21295
iid:    57,          2,          4, 	      20643
iid:    58,          4,          4, 	      20848
iid:    59,         11,          3, 	      24923
iid:    60,          2,          7, 	      24338
iid:    61,          7,          4, 	      25138
iid:    62,         19,          6, 	      22368
iid:    63,          6,          3, 	      25146
iid:    64,          2,          3, 	      24734
iid:    65,          2,          5, 	      24268
iid:    66,          4,          6, 	      17125
iid:    67,          5,          4, 	      17032
iid:    68,         12,          5, 	      30994
iid:    69,          4,          4, 	      21962
iid:    70,          4,          6, 	      19494
iid:    71,         17,          4, 	      28386
iid:    72,          4,          5, 	      28037
iid:    73,          4,          4, 	      15859
iid:    74,         21,          3, 	      23670
iid:    75,          2,          7, 	      23076
iid:    76,         10,          3, 	      28325
iid:    77,          2,          4, 	      27592
iid:    78,          4,          5, 	      21054
iid:    79,          2,          3, 	      20059
iid:    80,          2,          5, 	      19575
iid:    81,         20,          4, 	      27773
iid:    82,          4,          5, 	      26872
iid:    83,          4,          4, 	      25831
iid:    84,          4,          6, 	      19405
iid:    85,          4,          4, 	      17398
iid:    86,         18,          4, 	      18210
iid:    87,          5,         10, 	      19949
iid:    88,          5,          4, 	      20820
iid:    89,          5,          3, 	      21492
iid:    90,          2,          4, 	      21127
iid:    91,         22,          4, 	      19801
iid:    92,          5,          3, 	      20716
iid:    93,          2,          5, 	      19915
iid:    94,         11,          3, 	      29333
iid:    95,          2,          7, 	      28769
iid:    96,          4,          4, 	      22868
iid:    97,          7,          4, 	      16871
iid:    98,         18,          5, 	      23968
iid:    99,          4,          3, 	      23433
iid:   100,          2,          5, 	      23541
iid:   101,         11,          6, 	      26473
iid:   102,          4,          3, 	      25594
iid:   103,          2,          5, 	      24904
iid:   104,          4,          6, 	      16379
iid:   105,         20,          4, 	      26263
iid:   106,          4,          3, 	      26029
iid:   107,          2,          4, 	      25496
iid:   108,          4,          7, 	      16365
iid:   109,         16,          4, 	      28090
iid:   110,          4,          4, 	      27688
iid:   111,          4,          7, 	      16316
iid:   112,         22,          3, 	      28490
iid:   113,          2,          4, 	      27889
iid:   114,          4,          4, 	      27407
iid:   115,          6,          4, 	      23000
iid:   116,         19,          7, 	      29123
iid:   117,          2,          4, 	      27247
iid:   118,          4,          4, 	      22533
iid:   119,         10,          6, 	      26224
iid:   120,          4,          3, 	      25675
iid:   121,          2,          5, 	      25256
iid:   122,         14,          6, 	      25400
iid:   123,          7,          3, 	      22659
iid:   124,          2,          4, 	      22161
iid:   125,         11,          3, 	      23158
iid:   126,          2,          6, 	      22735
iid:   127,          4,          3, 	      21890
iid:   128,          2,          4, 	      21384
iid:   129,          7,          6, 	      15172
iid:   130,         21,          4, 	      26385
iid:   131,          4,          4, 	      25937
iid:   132,          5,          6, 	      18734
iid:   133,          4,          3, 	      19161
iid:   134,          2,          5, 	      18757
iid:   135,         16,          4, 	      21223
iid:   136,          4,          3, 	      20388
iid:   137,          2,          6, 	      19871
iid:   138,          8,          4, 	      21617
iid:   139,          2,          5, 	      20719
iid:   140,         20,          5, 	      19369
iid:   141,          7,          4, 	      22539
iid:   142,          4,          6, 	      18101
iid:   143,          4,          3, 	      18869
iid:   144,          2,          5, 	      18417
iid:   145,         24,          4, 	      22810
iid:   146,          5,          5, 	      23930
iid:   147,          4,          3, 	      22510
iid:   148,          2,          4, 	      22189
iid:   149,          2,          6, 	      21209
iid:   150,         13,          4, 	      18422
iid:   151,          7,          4, 	      21037
iid:   152,          9,          4, 	      23210
iid:   153,          2,          3, 	      21873
iid:   154,          2,          6, 	      21566
iid:   155,          5,          4, 	      15164
iid:   156,         18,          5, 	      21294
iid:   157,          4,          3, 	      20523
iid:   158,          2,          3, 	      19218
iid:   159,          2,          7, 	      18785
iid:   160,          4,          4, 	      15240
iid:   161,         18,          4, 	      20528
iid:   162,          4,          6, 	      20808
iid:   163,          4,          3, 	      22402
iid:   164,          2,          4, 	      21755
iid:   165,          2,          4, 	      20919
iid:   166,         14,          4, 	      18700
iid:   167,         19,          4, 	      22722
iid:   168,          5,          3, 	      22340
iid:   169,          3,          4, 	      21496
iid:   170,          2,          7, 	      20569
iid:   171,          4,          4, 	      18477
iid:   172,         12,          5, 	      18398
iid:   173,          4,          4, 	      18922
iid:   174,         10,          4, 	      23159
iid:   175,          4,          5, 	      23000
iid:   176,          2,          5, 	      19587
iid:   177,         13,          3, 	      21062
iid:   178,          2,          5, 	      20597
iid:   179,          4,          5, 	      19845
iid:   180,          9,          6, 	      18797
iid:   181,         14,          4, 	      19717
iid:   182,          7,          4, 	      23875
iid:   183,          7,          3, 	      27076
iid:   184,          2,          6, 	      20190
iid:   185,         14,          4, 	      27998
iid:   186,          2,          5, 	      26993
iid:   187,          7,          4, 	      16833
iid:   188,         14,          5, 	      27560
iid:   189,          4,          3, 	      25783
iid:   190,          2,          5, 	      23969
iid:   191,          4,          5, 	      19768
iid:   192,          4,          5, 	      18822
iid:   193,         14,          3, 	      29176
iid:   194,          2,          4, 	      28788
iid:   195,         14,          7, 	      29511
iid:   196,          4,          3, 	      26101
iid:   197,          2,          6, 	      25395
iid:   198,          8,          5, 	      17468
iid:   199,         21,          3, 	      22157
iid:   200,          2,          4, 	      21676
iid:   201,          9,          5, 	      26701
iid:   202,          2,          3, 	      24344
iid:   203,          2,          4, 	      24165
iid:   204,         11,          5, 	      34179
iid:   205,          4,          4, 	      22482
iid:   206,          4,          3, 	      21941
iid:   207,          2,          3, 	      21339
iid:   208,          2,          6, 	      21162
iid:   209,         11,          4, 	      16984
iid:   210,         11,          7, 	      20599
iid:   211,          8,          4, 	      20087
iid:   212,         14,          3, 	      24780
iid:   213,          2,          5, 	      24338
iid:   214,         11,          4, 	      19553
iid:   215,          9,          3, 	      20636
iid:   216,          2,          6, 	      20173
iid:   217,          8,          4, 	      23221
iid:   218,          8,          4, 	      25974
iid:   219,          4,          4, 	      22479
iid:   220,          2,          4, 	      21718
iid:   221,         12,          6, 	      22978
iid:   222,          4,          4, 	      21094
iid:   223,          6,          4, 	      21342
iid:   224,         16,          7, 	      29307
iid:   225,          4,          5, 	      23738
iid:   226,          5,          4, 	      23305
iid:   227,          8,          4, 	      20652
iid:   228,          4,          5, 	      21061
iid:   229,          2,          4, 	      19931
iid:   230,          2,          4, 	      18966
iid:   231,          9,          6, 	      15418
iid:   232,         10,          4, 	      24313
iid:   233,          4,          7, 	      24193
iid:   234,          4,          4, 	      17758
iid:   235,         16,          5, 	      18908
iid:   236,          4,          4, 	      18589
iid:   237,         16,          3, 	      19261
iid:   238,          2,          6, 	      18868
iid:   239,          4,          5, 	      19718
iid:   240,          9,          3, 	      27143
iid:   241,          2,          6, 	      26767
iid:   242,          4,          3, 	      21318
iid:   243,          2,          4, 	      18521
iid:   244,          8,          4, 	      20811
iid:   245,         14,          5, 	      25664
iid:   246,          4,          5, 	      24713
iid:   247,          6,          6, 	      17740
iid:   248,          5,          3, 	      17977
iid:   249,          2,          5, 	      17403
iid:   250,         19,          4, 	      20488
iid:   251,          4,          6, 	      19664
iid:   252,          7,          5, 	      21567
iid:   253,         11,          3, 	      23989
iid:   254,          2,          5, 	      22494
iid:   255,          7,          4, 	      19884
iid:   256,          4,          4, 	      20570
iid:   257,          6,          6, 	      22844
iid:   258,          2,          4, 	      21813
iid:   259,         18,          6, 	      35076
iid:   260,          5,          3, 	      30247
iid:   261,          2,          3, 	      28387
iid:   262,          2,          3, 	      21952
iid:   263,          2,          4, 	      21329
iid:   264,          2,          6, 	      20095
iid:   265,         15,          4, 	      31136
iid:   266,          4,          4, 	      22503
iid:   267,          4,          3, 	      20476
iid:   268,          2,          6, 	      19974
iid:   269,          7,          4, 	      18216
iid:   270,         20,          3, 	      20448
iid:   271,          2,          7, 	      20186
iid:   272,          4,          3, 	      21574
iid:   273,          2,          4, 	      21814
iid:   274,         13,          5, 	      32183
iid:   275,          4,          3, 	      20092
iid:   276,          2,          4, 	      19579
iid:   277,          9,          4, 	      20833
iid:   278,         10,          5, 	      25001
iid:   279,          4,          4, 	      23505
iid:   280,          2,          7, 	      16555
iid:   281,         15,          4, 	      23120
iid:   282,          4,          4, 	      22545
iid:   283,          4,          5, 	      22099
iid:   284,         13,          6, 	      24208
iid:   285,          4,          3, 	      21416
iid:   286,          2,          4, 	      21064
iid:   287,         13,          3, 	      22688
iid:   288,          2,          7, 	      22226
iid:   289,          6,          3, 	      21688
iid:   290,          2,          4, 	      21140
iid:   291,         13,          6, 	      25793
iid:   292,          4,          3, 	      24938
iid:   293,          2,          4, 	      24379
iid:   294,          4,          6, 	      16157
iid:   295,         16,          4, 	      25914
iid:   296,          4,          4, 	      22156
iid:   297,          7,          4, 	      23187
iid:   298,          9,          4, 	      27985
iid:   299,          4,          6, 	      23136
iid:   300,          8,          5, 	      30793
iid:   301,          5,          4, 	      19124
iid:   302,          6,          6, 	      19899
iid:   303,          8,          3, 	      23236
iid:   304,          2,          7, 	      22640
iid:   305,          8,          4, 	      24310
iid:   306,         16,          7, 	      29055
iid:   307,          7,          3, 	      29441
iid:   308,          2,          4, 	      28419
iid:   309,          6,          4, 	      29291
iid:   310,          2,          6, 	      20219
iid:   311,         11,          3, 	      29785
iid:   312,          2,          4, 	      29183
iid:   313,          4,          5, 	      20273
iid:   314,          7,          4, 	      21190
iid:   315,         12,          5, 	      27930
iid:   316,          6,          5, 	      26617
iid:   317,          4,          3, 	      20713
iid:   318,          2,          6, 	      19802
iid:   319,         13,          5, 	      23894
iid:   320,          4,          4, 	      23208
iid:   321,          5,          5, 	      19666
iid:   322,         10,          6, 	      19425
iid:   323,         11,          4, 	      24134
iid:   324,          4,          4, 	      24203
iid:   325,          6,          6, 	      15730
iid:   326,         13,          3, 	      24846
iid:   327,          2,          4, 	      24360
iid:   328,          4,          6, 	      24334
iid:   329,          6,          7, 	      16423
iid:   330,          9,          3, 	      20686
iid:   331,          2,          4, 	      20703
iid:   332,          6,          4, 	      21916
iid:   333,          7,          8, 	      14848
iid:   334,         12,          3, 	      22640
iid:   335,          2,          4, 	      16654
iid:   336,         10,          4, 	      22393
iid:   337,          4,          6, 	      22758
iid:   338,         11,          4, 	      26275
iid:   339,          4,          5, 	      26053
iid:   340,         10,          5, 	      25144
iid:   341,         12,          3, 	      24319
iid:   342,          2,          4, 	      23848
iid:   343,          2,          5, 	      18461
iid:   344,          8,          4, 	      28040
iid:   345,          4,          3, 	      29667
iid:   346,          2,          5, 	      24943
iid:   347,          2,          4, 	      23759
iid:   348,          5,          5, 	      18215
iid:   349,         19,          5, 	      30778
iid:   350,          4,          4, 	      20010
iid:   351,          4,          5, 	      19443
iid:   352,          6,          4, 	      19634
iid:   353,          4,          6, 	      21074
iid:   354,         13,          4, 	      26845
iid:   355,          4,          4, 	      16288
iid:   356,         12,          8, 	      22344
iid:   357,         10,          3, 	      23885
iid:   358,          2,          5, 	      23821
iid:   359,          8,          4, 	      22106
iid:   360,          4,          6, 	      22233
iid:   361,          9,          4, 	      22970
iid:   362,          2,          4, 	      22432
iid:   363,          8,          6, 	      25101
iid:   364,         13,          4, 	      25936
iid:   365,          4,          4, 	      25483
iid:   366,          5,          6, 	      19389
iid:   367,         17,          4, 	      26958
iid:   368,          4,          5, 	      26690
iid:   369,          4,          5, 	      23601
iid:   370,          7,          4, 	      17614
iid:   371,          7,          6, 	      21122
iid:   372,          4,          3, 	      20057
iid:   373,          2,          8, 	      19434
iid:   374,         14,          5, 	      22931
iid:   375,         13,          4, 	      22100
iid:   376,          5,          3, 	      21838
iid:   377,          2,          5, 	      21563
iid:   378,          2,          4, 	      21122
iid:   379,         12,          3, 	      32762
iid:   380,          2,          4, 	      19884
iid:   381,          4,          4, 	      19732
iid:   382,          2,          3, 	      17882
iid:   383,          2,          6, 	      17366
iid:   384,         14,          4, 	      27067
iid:   385,          4,          3, 	      19016
iid:   386,          2,          4, 	      18345
iid:   387,          5,          4, 	      18958
iid:   388,         17,          6, 	      30773
iid:   389,          6,          4, 	      17973
iid:   390,          9,          3, 	      20881
iid:   391,          2,          7, 	      20294
iid:   392,          6,          4, 	      21859
iid:   393,          4,          5, 	      21954
iid:   394,         12,          3, 	      22430
iid:   395,          2,          4, 	      21816
iid:   396,          2,          5, 	      20636
iid:   397,          4,          5, 	      19046
iid:   398,         18,          6, 	      28088
iid:   399,          4,          4, 	      20795
iid:   400,          5,          6, 	      25540
iid:   401,          6,          3, 	      19617
iid:   402,          2,          4, 	      19093
iid:   403,          7,          4, 	      20350
iid:   404,         16,          3, 	      25423
iid:   405,          2,          6, 	      24820
iid:   406,          5,          4, 	      23934
iid:   407,          6,          6, 	      25613
iid:   408,         12,          3, 	      26877
iid:   409,          2,          5, 	      26165
iid:   410,          9,          4, 	      17710
iid:   411,          4,          4, 	      16720
iid:   412,          6,          3, 	      18928
iid:   413,          2,          7, 	      18381
iid:   414,         14,          5, 	      24961
iid:   415,          4,          3, 	      24398
iid:   416,          2,          6, 	      21107
iid:   417,          5,          5, 	      19517
iid:   418,         17,          4, 	      17131
iid:   419,          5,          4, 	      20881
iid:   420,          4,          3, 	      20429
iid:   421,          2,          8, 	      19861
iid:   422,         15,          4, 	      28877
iid:   423,          9,          3, 	      22997
iid:   424,          2,          3, 	      22557
iid:   425,          3,          4, 	      22158
iid:   426,          9,          5, 	      31552
iid:   427,          7,          5, 	      33077
iid:   428,          2,          3, 	      27305
iid:   429,          2,          3, 	      18624
iid:   430,          2,          4, 	      16956
iid:   431,         16,          7, 	      32322
iid:   432,          4,          4, 	      18224
iid:   433,          9,          5, 	      21978
iid:   434,         10,          3, 	      23912
iid:   435,          2,          4, 	      21417
iid:   436,          6,          4, 	      21163
iid:   437,         12,          3, 	      25155
iid:   438,          2,          6, 	      24613
iid:   439,          4,          3, 	      23339
iid:   440,          2,          7, 	      22771
iid:   441,         17,          4, 	      29765
iid:   442,          4,          4, 	      27819
iid:   443,          5,          6, 	      20398
iid:   444,         12,          4, 	      26631
iid:   445,          8,          4, 	      27719
iid:   446,          2,          6, 	      26709
iid:   447,         10,          3, 	      26203
iid:   448,          2,          4, 	      25728
iid:   449,          2,          4, 	      24573
iid:   450,        441,          4, 	    1188890
iid:   451,          2,          6, 	    1188110
iid:   452,          9,          3, 	    1190486
iid:   453,          2,          4, 	    1179976
iid:   454,          4,          4, 	    1197749
iid:   455,          8,          3, 	    1201227
iid:   456,          3,          4, 	    1200754
iid:   457,          3,          4, 	    1191872
iid:   458,         16,          4, 	    1211225
iid:   459,         10,         17, 	    1214072
iid:   460,          2,          3, 	      46048
iid:   461,          2,          4, 	      41223
iid:   462,          4,          4, 	      60029
iid:   463,          4,          5, 	      62491
iid:   464,          2,          3, 	      38624
iid:   465,          2,          4, 	      37857
iid:   466,         10,          4, 	      59868
iid:   467,          4,          5, 	      62635
iid:   468,          3,          3, 	      39773
iid:   469,          2,          4, 	      37949
iid:   470,          9,          4, 	      58664
iid:   471,          4,          5, 	      61359
iid:   472,          2,          3, 	      41963
iid:   473,          2,          4, 	      40751
iid:   474,         12,          3, 	      62053
iid:   475,          2,          7, 	      61757
iid:   476,         10,          3, 	      43935
iid:   477,          2,          3, 	      42453
iid:   478,          2,          4, 	      42113
iid:   479,          4,          6, 	      60249
iid:   480,          4,          3, 	      47019
iid:   481,          2,          3, 	      41137
iid:   482,          2,          4, 	      40672
iid:   483,         10,          6, 	      61871
iid:   484,          4,          3, 	      45384
iid:   485,          2,          3, 	      44231
iid:   486,          2,          4, 	      38848
iid:   487,         10,          4, 	      60186
iid:   488,          5,          5, 	      61951
iid:   489,          2,          3, 	      48941
iid:   490,          2,          4, 	      41913
iid:   491,         11,          4, 	      62881
iid:   492,          4,          6, 	      65523
iid:   493,          2,          3, 	      48641
iid:   494,          2,          3, 	      41208
iid:   495,          3,          4, 	      40733
iid:   496,          9,          6, 	      61094
iid:   497,          4,          3, 	      47763
iid:   498,          2,          3, 	      40837
iid:   499,          2,          4, 	      40419
iid:   500,         10,          6, 	      61526
iid:   501,          4,          3, 	      47342
iid:   502,          2,          3, 	      38743
iid:   503,          2,          4, 	      38351
iid:   504,         11,          4, 	      58893
iid:   505,          4,          5, 	      61515
iid:   506,          2,          3, 	      48651
iid:   507,          2,          3, 	      41977
iid:   508,          2,          4, 	      41571
iid:   509,         11,          7, 	      62093
iid:   510,          4,          3, 	      47287
iid:   511,          2,          3, 	      40834
iid:   512,          2,          4, 	      40373
iid:   513,         10,          6, 	      62319
iid:   514,          4,          3, 	      48111
iid:   515,          2,          3, 	      39315
iid:   516,          2,          4, 	      38879
iid:   517,         11,          3, 	      59192
iid:   518,          2,          6, 	      58182
iid:   519,         10,          3, 	      43418
iid:   520,          2,          3, 	      42574
iid:   521,          2,          4, 	      42006
iid:   522,          4,          6, 	      61715
iid:   523,          5,          3, 	      48299
iid:   524,          2,          3, 	      40393
iid:   525,          2,          4, 	      39609
iid:   526,         10,          7, 	      60606
iid:   527,          4,          3, 	      46831
iid:   528,          2,          3, 	      38664
iid:   529,          2,          4, 	      37852
iid:   530,         11,          3, 	      59163
iid:   531,          2,          6, 	      58740
iid:   532,         10,          3, 	      49829
iid:   533,          2,          3, 	      43444
iid:   534,          2,          4, 	      42991
iid:   535,          4,          6, 	      61273
iid:   536,          4,          3, 	      47833
iid:   537,          2,          3, 	      41387
iid:   538,          2,          4, 	      40870
iid:   539,         11,          6, 	      62324
iid:   540,         11,          3, 	      47742
iid:   541,          2,          3, 	      47071
iid:   542,          2,          3, 	      40768
iid:   543,          2,          4, 	      40342
iid:   544,          4,          7, 	      58034
iid:   545,          4,          3, 	      38302
iid:   546,          2,          3, 	      37514
iid:   547,          2,          4, 	      36565
iid:   548,         11,          5, 	      59367
iid:   549,          4,          4, 	      47936
iid:   550,          2,          3, 	      33453
iid:   551,          2,          3, 	      31235
iid:   552,          2,          4, 	      30719
iid:   553,         10,          6, 	      52843
iid:   554,          4,          3, 	      41268
iid:   555,          2,          3, 	      40281
iid:   556,          2,          4, 	      39043
iid:   557,         12,          6, 	      59848
iid:   558,          4,          3, 	      46845
iid:   559,          2,          3, 	      37921
iid:   560,          2,          4, 	      37446
iid:   561,          2,          4, 	      35710
iid:   562,         10,          6, 	      56811
iid:   563,          8,          3, 	      39713
iid:   564,          2,          3, 	      38888
iid:   565,          2,          4, 	      37667
iid:   566,          7,          6, 	      55142
iid:   567,          7,          3, 	      32201
iid:   568,          2,          3, 	      31312
iid:   569,          2,          4, 	      30823
iid:   570,          7,          4, 	      38760
iid:   571,          4,          6, 	      49787
iid:   572,          8,          4, 	      41490
iid:   573,          8,          3, 	      39690
iid:   574,          2,          4, 	      38896
iid:   575,          4,          6, 	      55465
iid:   576,          8,          4, 	      46601
iid:   577,          4,          4, 	      40452
iid:   578,          2,          3, 	      38752
iid:   579,          2,          4, 	      38417
iid:   580,         12,          7, 	      48514
iid:   581,          5,          5, 	      47348
iid:   582,          4,          3, 	      46724
iid:   583,          2,          4, 	      39271
iid:   584,          7,          7, 	      46178
iid:   585,          6,          4, 	      38769
iid:   586,          4,          3, 	      38889
iid:   587,          2,          4, 	      38401
iid:   588,          9,          4, 	      43264
iid:   589,          6,          5, 	      50564
iid:   590,          7,          6, 	      51103
iid:   591,          4,          3, 	      47181
iid:   592,          2,          4, 	      41607
iid:   593,          8,          5, 	      46491
iid:   594,          4,          6, 	      45796
iid:   595,          6,          5, 	      46369
iid:   596,          4,          3, 	      44621
iid:   597,          2,          4, 	      43674
iid:   598,         13,          5, 	      46467
iid:   599,          5,          7, 	      53450
iid:   600,          4,          4, 	      47416
iid:   601,          2,          3, 	      42345
iid:   602,          2,          5, 	      41514
iid:   603,         11,          4, 	      44939
iid:   604,          6,          6, 	      52949
iid:   605,          7,          3, 	      47907
iid:   606,          2,          4, 	      43014
iid:   607,          6,          5, 	      42746
iid:   608,          5,          6, 	      54231
iid:   609,          4,          3, 	      45470
iid:   610,          2,          5, 	      38871
iid:   611,         11,          4, 	      43850
iid:   612,          4,          4, 	      43248
iid:   613,          7,          7, 	      54065
iid:   614,          4,          3, 	      46724
iid:   615,          2,          3, 	      39565
iid:   616,          2,          4, 	      38635
iid:   617,         11,          6, 	      46587
iid:   618,          7,          7, 	      45150
iid:   619,          6,          3, 	      44554
iid:   620,          2,          3, 	      43941
iid:   621,          2,          4, 	      37128
iid:   622,          7,          6, 	      47079
iid:   623,          4,          3, 	      45230
iid:   624,          2,          5, 	      38091
iid:   625,         10,          4, 	      43090
iid:   626,          4,          4, 	      42844
iid:   627,          6,          6, 	      53897
iid:   628,          4,          3, 	      46467
iid:   629,          2,          3, 	      40229
iid:   630,          2,          4, 	      38479
iid:   631,         13,          5, 	      47029
iid:   632,          5,          5, 	      51350
iid:   633,          4,          5, 	      45110
iid:   634,          2,          3, 	      43555
iid:   635,          2,          4, 	      35649
iid:   636,         10,          6, 	      43022
iid:   637,          7,          5, 	      45540
iid:   638,          4,          3, 	      41937
iid:   639,          2,          4, 	      41411
iid:   640,          2,          4, 	      40605
iid:   641,          9,          6, 	      43394
iid:   642,          4,          3, 	      45767
iid:   643,          2,          5, 	      39021
iid:   644,         12,          3, 	      42719
iid:   645,          2,          4, 	      42256
iid:   646,         11,          6, 	      62524
iid:   647,          4,          3, 	      51039
iid:   648,          2,          4, 	      43924
iid:   649,          2,          3, 	      42793
iid:   650,          2,          4, 	      42430
iid:   651,          6,          6, 	      55032
iid:   652,          5,          3, 	      46452
iid:   653,          2,          3, 	      45967
iid:   654,          2,          3, 	      40952
iid:   655,          2,          6, 	      40398
iid:   656,          8,          4, 	      28974
iid:   657,          7,          3, 	      31514
iid:   658,          2,          5, 	      31143
iid:   659,          8,          4, 	      36018
iid:   660,          4,          6, 	      47647
iid:   661,          7,          3, 	      46534
iid:   662,          2,          4, 	      36195
iid:   663,         10,          3, 	      40172
iid:   664,          2,          4, 	      39689
iid:   665,          4,          6, 	      49608
iid:   666,          7,          5, 	      48083
iid:   667,          4,          3, 	      46604
iid:   668,          2,          3, 	      45119
iid:   669,          2,          5, 	      41498
iid:   670,          9,          6, 	      41945
iid:   671,          8,          4, 	      43703
iid:   672,          4,          3, 	      41658
iid:   673,          2,          3, 	      41215
iid:   674,          2,          5, 	      40686
iid:   675,          9,          7, 	      40854
iid:   676,          7,          4, 	      44787
iid:   677,          6,          3, 	      42219
iid:   678,          2,          3, 	      41865
iid:   679,          3,          5, 	      41593
iid:   680,          6,          6, 	      41697
iid:   681,          7,          5, 	      44703
iid:   682,          4,          3, 	      39689
iid:   683,          2,          3, 	      38910
iid:   684,          2,          4, 	      35754
iid:   685,          9,          6, 	      44098
iid:   686,          7,          4, 	      44136
iid:   687,          5,          4, 	      40250
iid:   688,          2,          4, 	      39874
iid:   689,          7,          4, 	      44974
iid:   690,          5,          6, 	      44795
iid:   691,          7,          4, 	      44462
iid:   692,          4,          4, 	      40319
iid:   693,          2,          4, 	      39533
iid:   694,         10,          4, 	      44792
iid:   695,          8,          6, 	      45420
iid:   696,          4,          6, 	      44729
iid:   697,          4,          3, 	      42675
iid:   698,          2,          5, 	      41940
iid:   699,          9,          4, 	      42325
iid:   700,          4,          6, 	      37978
iid:   701,          8,          5, 	      44590
iid:   702,          4,          3, 	      41023
iid:   703,          2,          5, 	      38397
iid:   704,          9,          3, 	      43417
iid:   705,          2,          6, 	      37791
iid:   706,          8,          6, 	      45690
iid:   707,          4,          3, 	      44100
iid:   708,          2,          4, 	      43215
iid:   709,          8,          4, 	      40205
iid:   710,          4,          6, 	      39906
iid:   711,          7,          5, 	      46315
iid:   712,          8,          3, 	      44522
iid:   713,          3,          4, 	      43501
iid:   714,          9,          3, 	      43919
iid:   715,          2,          8, 	      43065
iid:   716,          9,          3, 	      59800
iid:   717,          2,          4, 	      50946
iid:   718,          4,          5, 	      50786
iid:   719,          4,          3, 	      50703
iid:   720,          2,          7, 	      50461
iid:   721,          9,          3, 	      48207
iid:   722,          2,          4, 	      47278
iid:   723,          4,          4, 	      45581
iid:   724,          6,          4, 	      50776
iid:   725,          8,          7, 	      53218
iid:   726,          5,          4, 	      26177
iid:   727,          5,          4, 	      30882
iid:   728,          8,          6, 	      35102
iid:   729,          5,          4, 	      35446
iid:   730,          4,          5, 	      35630
iid:   731,          7,          4, 	      41297
iid:   732,          9,          4, 	      46104
iid:   733,          5,          4, 	      45090
iid:   734,          2,          4, 	      41930
iid:   735,          6,          6, 	      40490
iid:   736,          6,          8, 	      46053
iid:   737,          8,          4, 	      35735
iid:   738,          6,          3, 	      38326
iid:   739,          2,          4, 	      37810
iid:   740,          5,          5, 	      39289
iid:   741,          7,          7, 	      39014
iid:   742,          6,          3, 	      33334
iid:   743,          2,          4, 	      32365
iid:   744,          5,          4, 	      33976
iid:   745,          9,          6, 	      41690
iid:   746,          4,          5, 	      39953
iid:   747,          7,          5, 	      43206
iid:   748,          7,          3, 	      38781
iid:   749,          2,          3, 	      38042
iid:   750,          2,          5, 	      34705
iid:   751,          8,          6, 	      39300
iid:   752,          7,          5, 	      36610
iid:   753,          4,          3, 	      37958
iid:   754,          2,          3, 	      37386
iid:   755,          2,          6, 	      32237
iid:   756,          9,          6, 	      38112
iid:   757,          7,          4, 	      33644
iid:   758,          7,          3, 	      36012
iid:   759,          2,          4, 	      35679
iid:   760,          3,          4, 	      35144
iid:   761,          5,          6, 	      39872
iid:   762,          7,          4, 	      43675
iid:   763,          9,          3, 	      42779
iid:   764,          2,          3, 	      41750
iid:   765,          2,          5, 	      41180
iid:   766,          8,          6, 	      46971
iid:   767,          4,          4, 	      44922
iid:   768,          8,          3, 	      43039
iid:   769,          2,          3, 	      42540
iid:   770,          2,          5, 	      41453
iid:   771,          9,          5, 	      44609
iid:   772,          4,          5, 	      36363
iid:   773,          4,          5, 	      32190
iid:   774,          4,          3, 	      31875
iid:   775,          2,          5, 	      30837
iid:   776,         12,          6, 	      34929
iid:   777,          4,          4, 	      30838
iid:   778,          7,          6, 	      32852
iid:   779,          6,          3, 	      32670
iid:   780,          2,          5, 	      32156
iid:   781,          5,          5, 	      30303
iid:   782,          5,          6, 	      37472
iid:   783,          8,          3, 	      34284
iid:   784,          2,          4, 	      33901
iid:   785,          8,          4, 	      38462
iid:   786,          6,          4, 	      35232
iid:   787,          4,          7, 	      39983
iid:   788,          6,          3, 	      42266
iid:   789,          2,          5, 	      34320
iid:   790,          6,          4, 	      34880
iid:   791,          7,          5, 	      34186
iid:   792,         10,          5, 	      41106
iid:   793,          4,          3, 	      42616
iid:   794,          2,          5, 	      38859
iid:   795,          9,          4, 	      44605
iid:   796,          2,          5, 	      38783
iid:   797,          4,          7, 	      35911
iid:   798,          7,          5, 	      32429
iid:   799,          5,          3, 	      34122
iid:   800,          2,          3, 	      33733
iid:   801,          4,          4, 	      33246
iid:   802,          7,          6, 	      37689
iid:   803,          7,          4, 	      36407
iid:   804,          4,          5, 	      39430
iid:   805,          8,          3, 	      39394
iid:   806,          2,          4, 	      37889
iid:   807,          7,          6, 	      41916
iid:   808,          4,          4, 	      36244
iid:   809,          6,          5, 	      35569
iid:   810,          4,          3, 	      36259
iid:   811,          2,          4, 	      35796
iid:   812,         10,          6, 	      40063
iid:   813,          7,          5, 	      40124
iid:   814,          4,          5, 	      42780
iid:   815,          4,          3, 	      38708
iid:   816,          2,          4, 	      37895
iid:   817,          2,          4, 	      34395
iid:   818,         14,          6, 	      43036
iid:   819,          5,          6, 	      41159
iid:   820,          4,          3, 	      40566
iid:   821,          2,          4, 	      40612
iid:   822,          2,          4, 	      33211
iid:   823,         11,          6, 	      40335
iid:   824,          5,          5, 	      30674
iid:   825,          5,          4, 	      34541
iid:   826,          5,          3, 	      37703
iid:   827,          2,          6, 	      37244
iid:   828,          4,          5, 	      28825
iid:   829,         12,          4, 	      32262
iid:   830,          5,          4, 	      30404
iid:   831,          5,          5, 	      36734
iid:   832,          4,          3, 	      37352
iid:   833,          2,          7, 	      37788
iid:   834,         10,          4, 	      31351
iid:   835,          4,          5, 	      31407
iid:   836,          6,          5, 	      34996
iid:   837,          8,          3, 	      35209
iid:   838,          2,          4, 	      31539
iid:   839,          7,          5, 	      35902
iid:   840,          4,          5, 	      33888
iid:   841,         10,          5, 	      41478
iid:   842,          5,          5, 	      39217
iid:   843,          4,          5, 	      37828
iid:   844,          6,          4, 	      38180
iid:   845,          4,          6, 	      37310
iid:   846,         11,          6, 	      38413
iid:   847,          4,          4, 	      34787
iid:   848,          5,          4, 	      39096
iid:   849,          6,          4, 	      34774
iid:   850,          7,          7, 	      40932
iid:   851,          7,          6, 	      33693
iid:   852,          6,          4, 	      36521
iid:   853,          4,          3, 	      36513
iid:   854,          2,          4, 	      31374
iid:   855,          7,          8, 	      38812
iid:   856,          7,          5, 	      29798
iid:   857,          8,          4, 	      29840
iid:   858,          5,          5, 	      32493
iid:   859,          4,          4, 	      32549
iid:   860,          8,          6, 	      38837
iid:   861,          4,          7, 	      36377
iid:   862,          6,          4, 	      29721
iid:   863,          7,          4, 	      31455
iid:   864,          5,          5, 	      30410
iid:   865,          5,          4, 	      31600
iid:   866,          7,          5, 	      39000
iid:   867,          7,          6, 	      41199
iid:   868,          6,          4, 	      35506
iid:   869,          4,          4, 	      35173
iid:   870,         12,          6, 	      45518
iid:   871,          4,          6, 	      40483
iid:   872,          4,          5, 	      42455
iid:   873,          4,          4, 	      36776
iid:   874,          9,          5, 	      42671
iid:   875,          4,          5, 	      41285
iid:   876,          4,          6, 	      34640
iid:   877,          7,          8, 	      32266
iid:   878,          9,          4, 	      29817
iid:   879,          8,          4, 	      38348
iid:   880,          5,          4, 	      42306
iid:   881,          4,          6, 	      36680
iid:   882,          2,          4, 	      33986
iid:   883,          7,          4, 	      42633
iid:   884,          8,          6, 	      39967
iid:   885,          6,          4, 	      42449
iid:   886,          5,          4, 	      44841
iid:   887,          4,          5, 	      40113
iid:   888,         10,          7, 	      38536
iid:   889,          4,          5, 	      31721
iid:   890,          4,          4, 	      31179
iid:   891,         10,          3, 	      38839
iid:   892,          2,          5, 	      38439
iid:   893,          4,          6, 	      32349
iid:   894,          9,          6, 	      41762
iid:   895,          5,          4, 	      32170
iid:   896,          6,          5, 	      34087
iid:   897,          9,          4, 	      37889
iid:   898,          2,          6, 	      36009
iid:   899,          6,          4, 	      34370
iid:   900,          5,          4, 	      34809
iid:   901,          5,          4, 	      31543
iid:   902,          4,          4, 	      36296
iid:   903,          6,          9, 	      35398
iid:   904,         10,          4, 	      30962
iid:   905,          5,          4, 	      29063
iid:   906,          5,          5, 	      36256
iid:   907,          9,          4, 	      38217
iid:   908,          2,          7, 	      37072
iid:   909,          5,          4, 	      28523
iid:   910,          5,          4, 	      34156
iid:   911,          4,          5, 	      36655
iid:   912,          6,          3, 	      37475
iid:   913,          2,          6, 	      37104
iid:   914,         12,          4, 	      50346
iid:   915,          4,          5, 	      49302
iid:   916,          4,          4, 	      46688
iid:   917,          2,          4, 	      37341
iid:   918,          2,          5, 	      31351
iid:   919,          4,          5, 	      32418
iid:   920,         13,          7, 	      64732
iid:   921,          4,          4, 	      41157
iid:   922,          4,          5, 	      46447
iid:   923,          4,          5, 	      46826
iid:   924,         13,          4, 	      66353
iid:   925,          4,          4, 	      37818
iid:   926,          4,          4, 	      40810
iid:   927,          2,          6, 	      39974
iid:   928,          4,          5, 	      35747
iid:   929,         14,          3, 	      54909
iid:   930,          2,          4, 	      49820
iid:   931,          4,          3, 	      52216
iid:   932,          2,          3, 	      51676
iid:   933,          2,          5, 	      50417
iid:   934,          2,          6, 	      34273
iid:   935,         12,          3, 	      51658
iid:   936,          2,          4, 	      40200
iid:   937,          8,          3, 	      45597
iid:   938,          2,          7, 	      45336
iid:   939,          6,          4, 	      35281
iid:   940,          5,          4, 	      31146
iid:   941,          7,          3, 	      32763
iid:   942,          2,          3, 	      31142
iid:   943,          2,          4, 	      30199
iid:   944,          9,          6, 	      43610
iid:   945,          4,          5, 	      38475
iid:   946,          5,          4, 	      32523
iid:   947,          6,          3, 	      35253
iid:   948,          2,          4, 	      31373
iid:   949,          4,          7, 	      30380
iid:   950,         11,          4, 	      29820
iid:   951,          6,          4, 	      33709
iid:   952,          5,          5, 	      28522
iid:   953,          7,          5, 	      35872
iid:   954,          7,          6, 	      40552
iid:   955,          5,          5, 	      35409
iid:   956,          5,          4, 	      33068
iid:   957,          4,          5, 	      32302
iid:   958,          5,          4, 	      30951
iid:   959,          8,          7, 	      34463
iid:   960,          9,          4, 	      29836
iid:   961,          5,          4, 	      36225
iid:   962,          6,          6, 	      37583
iid:   963,          7,          7, 	      37931
iid:   964,          4,          4, 	      29433
iid:   965,          6,          5, 	      34080
iid:   966,          8,          5, 	      32995
iid:   967,          6,          4, 	      34276
iid:   968,          4,          6, 	      31364
iid:   969,          6,          4, 	      32036
iid:   970,          4,          4, 	      33147
iid:   971,          8,          6, 	      33387
iid:   972,          7,          5, 	      36808
iid:   973,          7,          4, 	      38484
iid:   974,          6,          4, 	      36057
iid:   975,          6,          7, 	      38906
iid:   976,          9,          6, 	      32895
iid:   977,          4,          4, 	      31708
iid:   978,          5,          7, 	      32202
iid:   979,          7,          3, 	      34792
iid:   980,          2,          4, 	      33287
iid:   981,          8,          6, 	      35703
iid:   982,          4,          5, 	      33944
iid:   983,          4,          4, 	      30016
iid:   984,         10,          6, 	      33388
iid:   985,          4,          5, 	      32949
iid:   986,          7,          5, 	      31264
iid:   987,          5,          3, 	      31358
iid:   988,          2,          7, 	      31027
iid:   989,          6,          4, 	      29496
iid:   990,          6,          4, 	      34063
iid:   991,          4,          5, 	      30023
iid:   992,          9,          4, 	      34400
iid:   993,          4,          5, 	      34429
iid:   994,          9,          5, 	      32568
iid:   995,          7,          6, 	      38731
iid:   996,          4,          4, 	      30923
iid:   997,          8,          4, 	      34700
iid:   998,          7,          4, 	      37661
iid:   999,          5,          9, 	      40217
iid:  1000,          6,          4, 	      35548
iid:  1001,          4,          4, 	      35405
iid:  1002,         10,          5, 	      38394
iid:  1003,          4,          4, 	      37367
iid:  1004,          4,          8, 	      31818
iid:  1005,          9,          4, 	      30007
iid:  1006,          5,          3, 	      35287
iid:  1007,          2,          5, 	      32929
iid:  1008,          5,          6, 	      31719
iid:  1009,          7,          7, 	      34805
iid:  1010,          7,          4, 	      33216
iid:  1011,          6,          5, 	      37914
iid:  1012,          4,          4, 	      28427
iid:  1013,          5,          3, 	      32588
iid:  1014,          2,          4, 	      32374
iid:  1015,         11,          7, 	      39218
iid:  1016,          5,          4, 	      32099
iid:  1017,          4,          4, 	      33873
iid:  1018,          7,          5, 	      38943
iid:  1019,          4,          4, 	      38686
iid:  1020,          2,          6, 	      34335
iid:  1021,          9,          4, 	      28430
iid:  1022,          9,          5, 	      32474
iid:  1023,          4,          4, 	      31528
iid:  1024,          7,          7, 	      37628
iid:  1025,          4,          4, 	      28871
iid:  1026,         10,          5, 	      33978
iid:  1027,          4,          6, 	      37927
iid:  1028,          4,          5, 	      28314
iid:  1029,          5,          4, 	      30508
iid:  1030,          6,          5, 	      31470
iid:  1031,          6,          6, 	      32866
iid:  1032,          8,          4, 	      31893
iid:  1033,          7,          4, 	      39359
iid:  1034,          6,          5, 	      36143
iid:  1035,          4,          5, 	      38566
iid:  1036,          6,          5, 	      34825
iid:  1037,         10,          5, 	      40574
iid:  1038,          4,          6, 	      37509
iid:  1039,          4,          5, 	      34003
iid:  1040,          4,          4, 	      32620
iid:  1041,          7,          4, 	      30309
iid:  1042,          4,          7, 	      30862
iid:  1043,         12,          5, 	      39314
iid:  1044,          4,          7, 	      28996
iid:  1045,          4,          4, 	      39241
iid:  1046,          8,          4, 	      42060
iid:  1047,          3,          7, 	      38021
iid:  1048,          6,          4, 	      37602
iid:  1049,          9,          3, 	      40136
iid:  1050,          2,          4, 	      39561
iid:  1051,          2,          3, 	      38664
iid:  1052,          2,          5, 	      38069
iid:  1053,          9,          4, 	      47823
iid:  1054,          8,          5, 	      50492
iid:  1055,          2,          3, 	      42613
iid:  1056,          2,          3, 	      33065
iid:  1057,          2,          6, 	      32151
iid:  1058,          7,          4, 	      29139
iid:  1059,          5,          4, 	      32951
iid:  1060,          9,          3, 	      35879
iid:  1061,          2,          3, 	      35223
iid:  1062,          2,          7, 	      34884
iid:  1063,          7,          4, 	      36224
iid:  1064,          5,          3, 	      33724
iid:  1065,          2,          4, 	      33183
iid:  1066,          6,          3, 	      36165
iid:  1067,          2,          7, 	      34942
iid:  1068,          6,          4, 	      31289
iid:  1069,          7,          4, 	      35700
iid:  1070,          7,          3, 	      36053
iid:  1071,          2,          4, 	      35629
iid:  1072,          5,          5, 	      36945
iid:  1073,          8,          6, 	      37112
iid:  1074,          4,          5, 	      28040
iid:  1075,          6,          4, 	      28842
iid:  1076,          7,          4, 	      35402
iid:  1077,          4,          4, 	      35443
iid:  1078,          2,          5, 	      30836
iid:  1079,         11,          5, 	      36293
iid:  1080,          5,          5, 	      34436
iid:  1081,          4,          4, 	      30776
iid:  1082,         10,          6, 	      37627
iid:  1083,          5,          6, 	      31799
iid:  1084,          4,          5, 	      33335
iid:  1085,          8,          4, 	      30873
iid:  1086,          4,          5, 	      30170
iid:  1087,          7,          4, 	      35025
iid:  1088,          4,          6, 	      34587
iid:  1089,          9,          6, 	      37129
iid:  1090,          5,          5, 	      28731
iid:  1091,          5,          4, 	      29270
iid:  1092,          5,          4, 	      30323
iid:  1093,          8,          8, 	      35085
iid:  1094,          4,          5, 	      31056
iid:  1095,          8,          4, 	      31127
iid:  1096,          6,          3, 	      34964
iid:  1097,          2,          3, 	      34412
iid:  1098,          2,          5, 	      31276
iid:  1099,         10,          7, 	      40120
iid:  1100,          5,          5, 	      37403
iid:  1101,          7,          4, 	      35358
iid:  1102,          5,          3, 	      36196
iid:  1103,          3,          4, 	      33098
iid:  1104,          2,          5, 	      30035
iid:  1105,          9,          5, 	      31951
iid:  1106,          4,          5, 	      30811
iid:  1107,          8,          4, 	      38181
iid:  1108,          4,          5, 	      36741
iid:  1109,          4,          5, 	      30058
iid:  1110,          8,          5, 	      37145
iid:  1111,          6,          4, 	      29051
iid:  1112,          5,          6, 	      30765
iid:  1113,          7,          6, 	      37017
iid:  1114,          4,          5, 	      30256
iid:  1115,          8,          4, 	      36098
iid:  1116,          7,          4, 	      39785
iid:  1117,          4,          5, 	      36374
iid:  1118,          6,          4, 	      35535
iid:  1119,          8,          4, 	      41672
iid:  1120,          7,          6, 	      41473
iid:  1121,          4,          6, 	      36936
iid:  1122,          9,          6, 	      41494
iid:  1123,          4,          4, 	      29734
iid:  1124,          6,          5, 	      35929
iid:  1125,          4,          5, 	      32078
iid:  1126,          8,          5, 	      31954
iid:  1127,          7,          7, 	      31301
iid:  1128,          6,          4, 	      30525
iid:  1129,          5,          6, 	      27629
iid:  1130,          5,          4, 	      28161
iid:  1131,          6,          6, 	      29942
iid:  1132,          8,          4, 	      33014
iid:  1133,          4,          6, 	      33432
iid:  1134,          6,          5, 	      30146
iid:  1135,          7,          4, 	      30104
iid:  1136,          7,          5, 	      33277
iid:  1137,          5,          5, 	      29605
iid:  1138,          5,          5, 	      35282
iid:  1139,          8,          4, 	      35375
iid:  1140,          7,          5, 	      35632
iid:  1141,          4,          6, 	      34901
iid:  1142,          6,          5, 	      33865
iid:  1143,          7,          4, 	      34542
iid:  1144,          4,          6, 	      34570
iid:  1145,         10,          5, 	      37451
iid:  1146,          4,          4, 	      31607
iid:  1147,          8,          5, 	      36936
iid:  1148,          4,          7, 	      34111
iid:  1149,          4,          4, 	      26708
iid:  1150,          7,          4, 	      33006
iid:  1151,          4,          6, 	      32862
iid:  1152,          4,          8, 	      30993
iid:  1153,         12,          4, 	      28888
iid:  1154,          4,          4, 	      33100
iid:  1155,          7,          5, 	      36535
iid:  1156,          8,          4, 	      36708
iid:  1157,          2,          4, 	      32187
iid:  1158,          4,          6, 	      31462
iid:  1159,         10,          5, 	      41693
iid:  1160,          4,          4, 	      34484
iid:  1161,          5,          4, 	      42207
iid:  1162,          4,          7, 	      38896
iid:  1163,          5,          4, 	      27491
iid:  1164,         10,          6, 	      34167
iid:  1165,          5,          4, 	      37116
iid:  1166,          6,          4, 	      28612
iid:  1167,          5,          4, 	      31004
iid:  1168,          6,          9, 	      32704
iid:  1169,          7,          4, 	      29607
iid:  1170,          7,          3, 	      35578
iid:  1171,          2,          5, 	      28988
iid:  1172,          9,          3, 	      34687
iid:  1173,          2,          5, 	      34491
iid:  1174,          6,          5, 	      33821
iid:  1175,          5,          6, 	      37963
iid:  1176,          5,          6, 	      28963
iid:  1177,          7,          3, 	      32913
iid:  1178,          2,          4, 	      30949
iid:  1179,          8,          7, 	      33765
iid:  1180,          7,          4, 	      30440
iid:  1181,          5,          3, 	      32281
iid:  1182,          2,          5, 	      31770
iid:  1183,          5,          4, 	      30373
iid:  1184,          9,          6, 	      37040
iid:  1185,          4,          5, 	      29973
iid:  1186,          8,          4, 	      34231
iid:  1187,          4,          4, 	      34597
iid:  1188,         10,          3, 	      40408
iid:  1189,          2,          7, 	      36441
iid:  1190,          5,          4, 	      34244
iid:  1191,          4,          5, 	      29394
iid:  1192,          5,          4, 	      33195
iid:  1193,          9,          5, 	      40091
iid:  1194,          5,          5, 	      29882
iid:  1195,          5,          6, 	      31092
iid:  1196,          7,          5, 	      31805
iid:  1197,          8,          5, 	      30757
iid:  1198,          6,          6, 	      33778
iid:  1199,          4,          6, 	      29235
iid:  1200,          6,          4, 	      28876
iid:  1201,          7,          4, 	      33861
iid:  1202,          7,          4, 	      37387
iid:  1203,          2,          4, 	      31624
iid:  1204,          5,          5, 	      31426
iid:  1205,          7,          5, 	      33987
iid:  1206,          7,          6, 	      34945
iid:  1207,          5,          5, 	      35105
iid:  1208,          4,          4, 	      29945
iid:  1209,          8,          4, 	      32733
iid:  1210,          5,          6, 	      31803
iid:  1211,          6,          6, 	      26999
iid:  1212,          8,          4, 	      30240
iid:  1213,          5,          5, 	      35174
iid:  1214,          7,          3, 	      32370
iid:  1215,          2,          5, 	      31274
iid:  1216,          9,          7, 	      37769
iid:  1217,          4,          4, 	      31313
iid:  1218,          4,          5, 	      33230
iid:  1219,          6,          5, 	      30074
iid:  1220,          7,          4, 	      32499
iid:  1221,          5,          5, 	      33251
iid:  1222,          7,          6, 	      34334
iid:  1223,          5,          5, 	      30170
iid:  1224,          8,          3, 	      33183
iid:  1225,          2,          6, 	      32710
iid:  1226,          6,          6, 	      28495
iid:  1227,          9,          4, 	      31318
iid:  1228,          4,          6, 	      36353
iid:  1229,          6,          4, 	      33792
iid:  1230,          5,          3, 	      32335
iid:  1231,          2,          5, 	      31779
iid:  1232,          7,          5, 	      32723
iid:  1233,          6,          6, 	      32831
iid:  1234,          7,          4, 	      30046
iid:  1235,          6,          4, 	      32244
iid:  1236,          4,          4, 	      34351
iid:  1237,          5,          7, 	      35759
iid:  1238,          8,          6, 	      31188
iid:  1239,          8,          4, 	      29544
iid:  1240,          7,          4, 	      35055
iid:  1241,          4,          5, 	      31988
iid:  1242,          8,          3, 	      35715
iid:  1243,          2,          5, 	      34388
iid:  1244,          7,          7, 	      36881
iid:  1245,          4,          4, 	      32200
iid:  1246,          5,          5, 	      31534
iid:  1247,          8,          5, 	      39294
iid:  1248,          5,          3, 	      35424
iid:  1249,          2,          7, 	      30849
iid:  1250,          9,          4, 	      30463
iid:  1251,          5,          5, 	      30444
iid:  1252,          7,          5, 	      33582
iid:  1253,          4,          5, 	      34183
iid:  1254,          4,          3, 	      30683
iid:  1255,          2,          6, 	      29666
iid:  1256,         10,          4, 	      30732
iid:  1257,          6,          5, 	      31591
iid:  1258,          4,          4, 	      32344
iid:  1259,          9,          4, 	      38373
iid:  1260,          4,          7, 	      34268
iid:  1261,          6,          5, 	      31318
iid:  1262,          7,          4, 	      33237
iid:  1263,          6,          5, 	      37758
iid:  1264,          4,          4, 	      30328
iid:  1265,          8,          5, 	      28522
iid:  1266,          7,          7, 	      32257
iid:  1267,          8,          5, 	      31421
iid:  1268,          4,          5, 	      30420
iid:  1269,          7,          3, 	      32708
iid:  1270,          2,          7, 	      31679
iid:  1271,          7,          4, 	      29785
iid:  1272,          5,          6, 	      34243
iid:  1273,          4,          4, 	      30136
iid:  1274,          8,          6, 	      34810
iid:  1275,          4,          3, 	      30271
iid:  1276,          2,          5, 	      29735
iid:  1277,         10,          4, 	      30852
iid:  1278,          5,          5, 	      30157
iid:  1279,          4,          4, 	      31516
iid:  1280,          9,          4, 	      36158
iid:  1281,          4,          7, 	      33566
iid:  1282,          6,          5, 	      28024
iid:  1283,          7,          5, 	      30518
iid:  1284,          6,          3, 	      29490
iid:  1285,          2,          4, 	      29116
iid:  1286,          7,          5, 	      30536
iid:  1287,          6,          6, 	      31313
iid:  1288,          6,          5, 	      28836
iid:  1289,          8,          5, 	      34293
iid:  1290,          4,          4, 	      34367
iid:  1291,          4,          5, 	      34100
iid:  1292,          2,          4, 	      30450
iid:  1293,         12,          6, 	      38352
iid:  1294,          4,          5, 	      31373
iid:  1295,          4,          4, 	      28453
iid:  1296,         10,          6, 	      38164
iid:  1297,          4,          5, 	      29691
iid:  1298,          4,          4, 	      30105
iid:  1299,          2,          4, 	      28792
iid:  1300,         10,          7, 	      28261
iid:  1301,          5,          4, 	      29561
iid:  1302,          4,          4, 	      32700
iid:  1303,          9,          5, 	      30117
iid:  1304,          4,          4, 	      29051
iid:  1305,          6,          6, 	      33836
iid:  1306,          7,          5, 	      33269
iid:  1307,          6,          5, 	      29931
iid:  1308,          6,          4, 	      29309
iid:  1309,          7,          4, 	      33021
iid:  1310,          4,          5, 	      32056
iid:  1311,          6,          6, 	      31262
iid:  1312,          8,          5, 	      33807
iid:  1313,          5,          5, 	      31853
iid:  1314,          5,          4, 	      30576
iid:  1315,          8,          5, 	      36940
iid:  1316,          6,          5, 	      31554
iid:  1317,          4,          8, 	      28237
iid:  1318,          9,          5, 	      28892
iid:  1319,          5,          4, 	      30704
iid:  1320,          5,          5, 	      30547
iid:  1321,         10,          5, 	      35013
iid:  1322,          4,          6, 	      31297
iid:  1323,          5,          5, 	      31480
iid:  1324,          6,          4, 	      37133
iid:  1325,          7,          3, 	      32051
iid:  1326,          2,          4, 	      31063
iid:  1327,          5,          6, 	      32665
iid:  1328,          7,          7, 	      30837
iid:  1329,          4,          4, 	      27174
iid:  1330,          8,          5, 	      32829
iid:  1331,          4,          4, 	      29609
iid:  1332,          7,          4, 	      31041
iid:  1333,          4,          7, 	      28238
iid:  1334,         11,          4, 	      28467
iid:  1335,          5,          5, 	      30704
iid:  1336,          5,          5, 	      31140
iid:  1337,          8,          5, 	      35860
iid:  1338,          4,          5, 	      29623
iid:  1339,          4,          7, 	      31965
iid:  1340,         11,          4, 	      38067
iid:  1341,          4,          5, 	      29095
iid:  1342,          8,          3, 	      35540
iid:  1343,          2,          6, 	      35238
iid:  1344,          6,          6, 	      32017
iid:  1345,          5,          4, 	      30368
iid:  1346,          4,          5, 	      32569
iid:  1347,          7,          6, 	      31195
iid:  1348,          4,          4, 	      29137
iid:  1349,          4,          5, 	      30530
iid:  1350,         10,          5, 	      30409
iid:  1351,          7,          5, 	      28805
iid:  1352,          5,          3, 	      33746
iid:  1353,          2,          7, 	      33436
iid:  1354,          8,          4, 	      29767
iid:  1355,          5,          5, 	      34349
iid:  1356,          4,          4, 	      30732
iid:  1357,          8,          4, 	      33015
iid:  1358,          8,          5, 	      38266
iid:  1359,          4,          5, 	      37752
iid:  1360,          7,          4, 	      36477
iid:  1361,          8,          6, 	      40388
iid:  1362,          4,          4, 	      31112
iid:  1363,          6,          6, 	      29699
iid:  1364,          7,          6, 	      32212
iid:  1365,          6,          4, 	      32501
iid:  1366,          5,          6, 	      34656
iid:  1367,          5,          5, 	      31450
iid:  1368,          5,          6, 	      34281
iid:  1369,          4,          4, 	      27414
iid:  1370,         11,          7, 	      33024
iid:  1371,          6,          4, 	      29120
iid:  1372,          6,          3, 	      36679
iid:  1373,          2,          4, 	      31826
iid:  1374,          9,          4, 	      37277
iid:  1375,          2,          8, 	      36335
iid:  1376,          7,          4, 	      30380
iid:  1377,          4,          4, 	      30450
iid:  1378,          5,          3, 	      38132
iid:  1379,          2,          5, 	      34503
iid:  1380,          8,          3, 	      35233
iid:  1381,          2,          6, 	      30789
iid:  1382,          9,          4, 	      32314
iid:  1383,          4,          4, 	      26286
iid:  1384,          6,          3, 	      33149
iid:  1385,          2,          7, 	      32539
iid:  1386,          9,          4, 	      32437
iid:  1387,          5,          6, 	      30912
iid:  1388,          7,          5, 	      29357
iid:  1389,          5,          4, 	      30038
iid:  1390,          6,          4, 	      31548
iid:  1391,          2,          5, 	      28558
iid:  1392,          8,          4, 	      31257
iid:  1393,          5,          6, 	      32282
iid:  1394,          4,          4, 	      29225
iid:  1395,          8,          5, 	      34982
iid:  1396,          4,          4, 	      31036
iid:  1397,          7,          4, 	      32563
iid:  1398,          6,          7, 	      36493
iid:  1399,          7,          5, 	      29920
iid:  1400,          5,          5, 	      28338
iid:  1401,          7,          4, 	      32972
iid:  1402,          7,          4, 	      30638
iid:  1403,          6,          5, 	      36251
iid:  1404,          5,          7, 	      34066
iid:  1405,          8,          4, 	      29833
iid:  1406,          4,          4, 	      31775
iid:  1407,          6,          5, 	      32742
iid:  1408,          6,          7, 	      30355
iid:  1409,          8,          4, 	      29618
iid:  1410,          5,          4, 	      32224
iid:  1411,          4,          6, 	      29074
iid:  1412,          6,          5, 	      33661
iid:  1413,          4,          4, 	      31988
iid:  1414,          2,          6, 	      27047
iid:  1415,         11,          6, 	      32690
iid:  1416,          6,          4, 	      26573
iid:  1417,          6,          3, 	      34561
iid:  1418,          2,          5, 	      32212
iid:  1419,          4,          6, 	      33397
iid:  1420,         11,          5, 	      33031
iid:  1421,          4,          4, 	      31543
iid:  1422,          7,          5, 	      37034
iid:  1423,          7,          5, 	      36224
iid:  1424,          5,          3, 	      34831
iid:  1425,          2,          4, 	      33903
iid:  1426,          5,          6, 	      31397
iid:  1427,          7,          6, 	      29437
iid:  1428,          6,          4, 	      30094
iid:  1429,          4,          5, 	      32612
iid:  1430,          8,          4, 	      27715
iid:  1431,          8,          4, 	      32695
iid:  1432,          4,          7, 	      28981
iid:  1433,          5,          5, 	      30806
iid:  1434,          8,          5, 	      29580
iid:  1435,          7,          4, 	      32899
iid:  1436,          4,          7, 	      31684
iid:  1437,          5,          4, 	      31077
iid:  1438,          8,          6, 	      35411
iid:  1439,          4,          4, 	      30653
iid:  1440,          8,          4, 	      38319
iid:  1441,          6,          5, 	      33426
iid:  1442,          4,          4, 	      32385
iid:  1443,          4,          8, 	      34982
iid:  1444,         10,          6, 	      29500
iid:  1445,          6,          4, 	      28550
iid:  1446,          4,          4, 	      30260
iid:  1447,          9,          5, 	      35678
iid:  1448,          4,          6, 	      33097
iid:  1449,          7,          4, 	      33008
iid:  1450,          5,          5, 	      32530
iid:  1451,         10,          5, 	      39331
iid:  1452,          4,          4, 	      36427
iid:  1453,          4,          5, 	      35995
iid:  1454,          9,          5, 	      41428
iid:  1455,          4,          5, 	      36331
iid:  1456,          4,          6, 	      30954
iid:  1457,          4,          6, 	      29701
iid:  1458,         11,          7, 	      29838
iid:  1459,          5,          4, 	      30315
iid:  1460,          6,          3, 	      39724
iid:  1461,          2,          7, 	      31226
iid:  1462,          5,          3, 	      30977
iid:  1463,          2,          5, 	      30618
iid:  1464,          7,          4, 	      27996
iid:  1465,          4,          4, 	      27220
iid:  1466,          4,          5, 	      36658
iid:  1467,          4,          5, 	      37021
iid:  1468,         13,          4, 	     102205
iid:  1469,          4,         10, 	     106599
iid:  1470,          9,          4, 	      26690
iid:  1471,          5,          4, 	      35691
iid:  1472,          4,          3, 	      38192
iid:  1473,          2,          3, 	      37789
iid:  1474,          2,          3, 	      37115
iid:  1475,          2,          4, 	      36637
iid:  1476,         15,          4, 	      47266
iid:  1477,          7,          6, 	      57419
iid:  1478,          8,          4, 	      51811
iid:  1479,          2,          4, 	      45374
iid:  1480,          2,          6, 	      35020
iid:  1481,          6,          4, 	      32216
iid:  1482,          5,          5, 	      30368
iid:  1483,          4,          4, 	      30893
iid:  1484,          9,          4, 	      36519
iid:  1485,          4,          3, 	      35514
iid:  1486,          2,          7, 	      30939
iid:  1487,          8,          4, 	      30543
iid:  1488,          5,          5, 	      30053
iid:  1489,          8,          3, 	      32515
iid:  1490,          2,          4, 	      31989
iid:  1491,          6,          8, 	      30590
iid:  1492,          7,          4, 	      27860
iid:  1493,          5,          4, 	      33529
iid:  1494,          8,          4, 	      32676
iid:  1495,          2,          4, 	      31725
iid:  1496,          4,          3, 	      31696
iid:  1497,          2,          7, 	      27719
iid:  1498,          9,          4, 	      31793
iid:  1499,          4,          5, 	      32894
iid:  1500,          9,          3, 	      35723
iid:  1501,          2,          4, 	      35200
iid:  1502,          4,          7, 	      32134
iid:  1503,          6,          4, 	      27300
iid:  1504,          8,          4, 	      30047
iid:  1505,          7,          3, 	      32934
iid:  1506,          2,          4, 	      32358
iid:  1507,          2,          6, 	      31116
iid:  1508,          8,          4, 	      28923
iid:  1509,          5,          6, 	      32212
iid:  1510,          7,          5, 	      33844
iid:  1511,          4,          3, 	      37191
iid:  1512,          2,          3, 	      33971
iid:  1513,          2,          6, 	      30111
iid:  1514,         11,          4, 	      31622
iid:  1515,          4,          5, 	      28509
iid:  1516,          4,          4, 	      29088
iid:  1517,          9,          5, 	      36428
iid:  1518,          4,          3, 	      33435
iid:  1519,          2,          6, 	      28703
iid:  1520,          9,          4, 	      31033
iid:  1521,          5,          3, 	      29180
iid:  1522,          2,          5, 	      28876
iid:  1523,          6,          6, 	      34708
iid:  1524,          4,          4, 	      31648
iid:  1525,          7,          4, 	      30595
iid:  1526,          8,          7, 	      34311
iid:  1527,          6,          4, 	      28824
iid:  1528,          7,          5, 	      33022
iid:  1529,          6,          4, 	      32344
iid:  1530,          7,          4, 	      30056
iid:  1531,          2,          5, 	      29712
iid:  1532,          7,          5, 	      34545
iid:  1533,          5,          5, 	      33520
iid:  1534,          6,          5, 	      32960
iid:  1535,          5,          4, 	      30539
iid:  1536,          8,          5, 	      36884
iid:  1537,          5,          7, 	      32328
iid:  1538,          5,          5, 	      29287
iid:  1539,          7,          4, 	      29196
iid:  1540,          4,          3, 	      30689
iid:  1541,          2,          6, 	      29766
iid:  1542,          9,          5, 	      29185
iid:  1543,          6,          4, 	      30272
iid:  1544,          7,          6, 	      30704
iid:  1545,          4,          5, 	      35360
iid:  1546,          8,          3, 	      34217
iid:  1547,          2,          5, 	      32839
iid:  1548,          8,          6, 	      37041
iid:  1549,          4,          5, 	      30308
iid:  1550,          6,          4, 	      35878
iid:  1551,          4,          4, 	      36888
iid:  1552,          2,          4, 	      30787
iid:  1553,          7,          5, 	      32080
iid:  1554,          4,          5, 	      27822
iid:  1555,         12,          5, 	      27648
iid:  1556,          5,          4, 	      31619
iid:  1557,          5,          6, 	      33881
iid:  1558,          7,          5, 	      29829
iid:  1559,          4,          7, 	      30204
iid:  1560,          7,          5, 	      29964
iid:  1561,          6,          4, 	      26582
iid:  1562,          6,          3, 	      32552
iid:  1563,          2,          4, 	      30310
iid:  1564,          4,          4, 	      31004
iid:  1565,         12,          7, 	      38622
iid:  1566,          4,          4, 	      29273
iid:  1567,          7,          5, 	      36866
iid:  1568,          7,          5, 	      39901
iid:  1569,          5,          3, 	      34480
iid:  1570,          2,          4, 	      33807
iid:  1571,          2,          6, 	      27496
iid:  1572,          8,          6, 	      29067
iid:  1573,          4,          4, 	      29219
iid:  1574,          5,          5, 	      31655
iid:  1575,          8,          4, 	      29395
iid:  1576,          7,          4, 	      30969
iid:  1577,          4,          6, 	      30685
iid:  1578,          7,          4, 	      27264
iid:  1579,          7,          3, 	      31236
iid:  1580,          2,          5, 	      30610
iid:  1581,          4,          6, 	      30634
iid:  1582,         10,          5, 	      32819
iid:  1583,          4,          5, 	      26838
iid:  1584,          9,          6, 	      33249
iid:  1585,          5,          4, 	      35096
iid:  1586,          4,          3, 	      35031
iid:  1587,          2,          7, 	      30109
iid:  1588,          9,          4, 	      31377
iid:  1589,          5,          6, 	      30788
iid:  1590,          4,          4, 	      31655
iid:  1591,          9,          4, 	      36165
iid:  1592,          4,          4, 	      31090
iid:  1593,          8,          7, 	      36966
iid:  1594,          5,          4, 	      34076
iid:  1595,          5,          3, 	      31645
iid:  1596,          2,          5, 	      31133
iid:  1597,          4,          4, 	      31214
iid:  1598,         12,          8, 	      34987
iid:  1599,          4,          4, 	      26782
iid:  1600,          5,          4, 	      31679
iid:  1601,          8,          5, 	      36585
iid:  1602,          4,          3, 	      36018
iid:  1603,          2,          7, 	      30113
iid:  1604,         11,          4, 	      33073
iid:  1605,          4,          4, 	      31659
iid:  1606,          5,          5, 	      32059
iid:  1607,          7,          5, 	      37466
iid:  1608,          7,          4, 	      31027
iid:  1609,          4,          6, 	      31407
iid:  1610,          9,          6, 	      34594
iid:  1611,          4,          5, 	      27953
iid:  1612,          5,          3, 	      29774
iid:  1613,          2,          6, 	      29370
iid:  1614,         10,          6, 	      32762
iid:  1615,          4,          3, 	      28611
iid:  1616,          2,          5, 	      28177
iid:  1617,          7,          5, 	      26926
iid:  1618,          6,          4, 	      28876
iid:  1619,          5,          6, 	      31486
iid:  1620,          8,          4, 	      31389
iid:  1621,          6,          5, 	      29271
iid:  1622,          5,          4, 	      31848
iid:  1623,          6,          5, 	      32455
iid:  1624,          6,          5, 	      29216
iid:  1625,          6,          4, 	      29499
iid:  1626,          5,          6, 	      31625
iid:  1627,          6,          5, 	      31126
iid:  1628,          7,          4, 	      30398
iid:  1629,          4,          5, 	      31921
iid:  1630,         11,          6, 	      32879
iid:  1631,          4,          5, 	      29129
iid:  1632,          6,          5, 	      29771
iid:  1633,          6,          6, 	      30287
iid:  1634,          6,          4, 	      34352
iid:  1635,          2,          4, 	      29299
iid:  1636,          9,          5, 	      35052
iid:  1637,          4,          5, 	      31356
iid:  1638,          5,          6, 	      28923
iid:  1639,          5,          5, 	      29620
iid:  1640,         10,          3, 	      30765
iid:  1641,          2,          5, 	      30328
iid:  1642,          5,          5, 	      32994
iid:  1643,          4,          4, 	      28455
iid:  1644,          7,          6, 	      29663
iid:  1645,          7,          6, 	      29797
iid:  1646,          4,          4, 	      25962
iid:  1647,          8,          4, 	      32860
iid:  1648,          7,          5, 	      30173
iid:  1649,          5,          6, 	      31335
iid:  1650,          6,          4, 	      29671
iid:  1651,          6,          3, 	      32499
iid:  1652,          2,          6, 	      28722
iid:  1653,          8,          5, 	      32841
iid:  1654,          6,          4, 	      31363
iid:  1655,          5,          4, 	      30043
iid:  1656,          8,          7, 	      32616
iid:  1657,          5,          5, 	      32384
iid:  1658,          4,          4, 	      27889
iid:  1659,          8,          6, 	      32695
iid:  1660,          4,          5, 	      28482
iid:  1661,         10,          4, 	      29906
iid:  1662,          4,          6, 	      29834
iid:  1663,          5,          5, 	      33917
iid:  1664,          5,          4, 	      29874
iid:  1665,          8,          4, 	      34669
iid:  1666,          4,          8, 	      31132
iid:  1667,          7,          4, 	      27166
iid:  1668,          8,          4, 	      32617
iid:  1669,          6,          5, 	      34022
iid:  1670,          4,          5, 	      33318
iid:  1671,          9,          5, 	      31593
iid:  1672,          4,          7, 	      30473
iid:  1673,          9,          4, 	      32703
iid:  1674,          4,          5, 	      32455
iid:  1675,          4,          5, 	      26857
iid:  1676,          9,          4, 	      33607
iid:  1677,          4,          6, 	      32984
iid:  1678,          4,          6, 	      27775
iid:  1679,         10,          3, 	      33944
iid:  1680,          2,          4, 	      33446
iid:  1681,          4,          6, 	      26690
iid:  1682,         10,          5, 	      34618
iid:  1683,          4,          7, 	      30146
iid:  1684,          4,          4, 	      29520
iid:  1685,          4,          4, 	      30219
iid:  1686,         11,          4, 	      28885
iid:  1687,          6,          6, 	      33195
iid:  1688,          7,          5, 	      35808
iid:  1689,          5,          5, 	      31832
iid:  1690,          4,          3, 	      32481
iid:  1691,          2,          5, 	      31987
iid:  1692,         10,          6, 	      34497
iid:  1693,          4,          4, 	      28070
iid:  1694,          5,          5, 	      35202
iid:  1695,          4,          5, 	      32103
iid:  1696,          8,          5, 	      34697
iid:  1697,          4,          4, 	      31229
iid:  1698,          8,          6, 	      31973
iid:  1699,          7,          6, 	      29294
iid:  1700,          4,          3, 	      29191
iid:  1701,          2,          6, 	      28727
iid:  1702,         11,          4, 	      30760
iid:  1703,          4,          6, 	      31564
iid:  1704,          8,          5, 	      31994
iid:  1705,          6,          4, 	      31972
iid:  1706,          4,          3, 	      31973
iid:  1707,          3,          5, 	      31607
iid:  1708,          9,          5, 	      33360
iid:  1709,          4,          5, 	      31174
iid:  1710,          4,          5, 	      30774
iid:  1711,          4,          5, 	      30785
iid:  1712,         12,          4, 	      33017
iid:  1713,          4,          7, 	      32449
iid:  1714,          4,          4, 	      27511
iid:  1715,          8,          5, 	      30525
iid:  1716,          6,          3, 	      32076
iid:  1717,          2,          6, 	      31616
iid:  1718,          9,          5, 	      34095
iid:  1719,          4,          5, 	      29647
iid:  1720,          5,          5, 	      30098
iid:  1721,          8,          5, 	      34141
iid:  1722,          6,          4, 	      32747
iid:  1723,          4,          4, 	      32341
iid:  1724,          6,          6, 	      31206
iid:  1725,          8,          5, 	      32538
iid:  1726,          5,          4, 	      29224
iid:  1727,          5,          5, 	      31389
iid:  1728,          7,          6, 	      32943
iid:  1729,          6,          4, 	      26521
iid:  1730,          8,          6, 	      30426
iid:  1731,          5,          5, 	      31078
iid:  1732,          4,          5, 	      27610
iid:  1733,          8,          3, 	      29835
iid:  1734,          2,          6, 	      29382
iid:  1735,          7,          7, 	      32032
iid:  1736,          7,          4, 	      30659
iid:  1737,          5,          5, 	      31853
iid:  1738,          5,          5, 	      28718
iid:  1739,          6,          5, 	      31501
iid:  1740,          6,          5, 	      32144
iid:  1741,          6,          4, 	      29349
iid:  1742,          7,          5, 	      35217
iid:  1743,          6,          4, 	      28982
iid:  1744,          4,          5, 	      31738
iid:  1745,          8,          6, 	      35445
iid:  1746,          4,          5, 	      27068
iid:  1747,          7,          5, 	      32924
iid:  1748,          4,          5, 	      29917
iid:  1749,          9,          6, 	      32978
iid:  1750,          6,          4, 	      32030
iid:  1751,          4,          5, 	      31175
iid:  1752,          6,          4, 	      32259
iid:  1753,          7,          6, 	      30539
iid:  1754,          4,          6, 	      31023
iid:  1755,          7,          4, 	      28512
iid:  1756,         11,          5, 	      34069
iid:  1757,          5,          5, 	      32769
iid:  1758,          4,          4, 	      30567
iid:  1759,          7,          7, 	      34689
iid:  1760,          7,          5, 	      30250
iid:  1761,          4,          5, 	      31229
iid:  1762,          7,          5, 	      28604
iid:  1763,          5,          4, 	      34496
iid:  1764,          8,          4, 	      33430
iid:  1765,          4,          6, 	      32879
iid:  1766,          4,          6, 	      27334
iid:  1767,          9,          3, 	      29519
iid:  1768,          2,          6, 	      28876
iid:  1769,          7,          5, 	      29174
iid:  1770,          5,          4, 	      30057
iid:  1771,          4,          5, 	      26976
iid:  1772,          6,          6, 	      32344
iid:  1773,          4,          6, 	      30735
iid:  1774,         12,          5, 	      28218
iid:  1775,          6,          4, 	      28800
iid:  1776,          6,          5, 	      35361
iid:  1777,          4,          3, 	      36001
iid:  1778,          2,          4, 	      33812
iid:  1779,          2,          5, 	      32821
iid:  1780,         11,          5, 	      37989
iid:  1781,          4,          4, 	      36937
iid:  1782,          4,          5, 	      37009
iid:  1783,          5,          4, 	      37872
iid:  1784,         11,          4, 	      40538
iid:  1785,          2,          7, 	      33623
iid:  1786,          8,          4, 	      27185
iid:  1787,          5,          6, 	      30966
iid:  1788,          6,          3, 	      34427
iid:  1789,          2,          6, 	      33829
iid:  1790,          5,          4, 	      27918
iid:  1791,          7,          4, 	      26589
iid:  1792,          5,          5, 	      32415
iid:  1793,          5,          5, 	      31636
iid:  1794,          6,          4, 	      30065
iid:  1795,          8,          3, 	      29967
iid:  1796,          2,          6, 	      29110
iid:  1797,          4,          6, 	      27870
iid:  1798,         10,          4, 	      27531
iid:  1799,          6,          6, 	      33801
iid:  1800,          6,          4, 	      31568
iid:  1801,          6,          5, 	      35715
iid:  1802,          5,          3, 	      32988
iid:  1803,          2,          5, 	      32258
iid:  1804,          6,          5, 	      29749
iid:  1805,         10,          5, 	      32303
iid:  1806,          4,          4, 	      28842
iid:  1807,          4,          5, 	      36295
iid:  1808,          4,          4, 	      31575
iid:  1809,          3,          5, 	      28612
iid:  1810,          8,          7, 	      26224
iid:  1811,          8,          4, 	      29213
iid:  1812,          8,          6, 	      30937
iid:  1813,          6,          3, 	      34200
iid:  1814,          2,          4, 	      33673
iid:  1815,          4,          6, 	      26869
iid:  1816,          8,          5, 	      31143
iid:  1817,          5,          3, 	      34410
iid:  1818,          2,          5, 	      28869
iid:  1819,          7,          3, 	      32639
iid:  1820,          2,          4, 	      31856
iid:  1821,          4,          7, 	      27249
iid:  1822,         11,          5, 	      30433
iid:  1823,          4,          5, 	      28350
iid:  1824,         10,          4, 	      31583
iid:  1825,          5,          3, 	      35091
iid:  1826,          2,          5, 	      34632
iid:  1827,          6,          5, 	      29503
iid:  1828,          5,          4, 	      32184
iid:  1829,          8,          5, 	      32211
iid:  1830,          4,          4, 	      31072
iid:  1831,          4,          6, 	      31454
iid:  1832,         10,          4, 	      35885
iid:  1833,          4,          6, 	      31272
iid:  1834,          4,          6, 	      26913
iid:  1835,          7,          4, 	      26600
iid:  1836,          9,          6, 	      32455
iid:  1837,          4,          3, 	      28966
iid:  1838,          2,          5, 	      28454
iid:  1839,          9,          6, 	      28977
iid:  1840,          5,          4, 	      28817
iid:  1841,          6,          5, 	      34436
iid:  1842,          4,          5, 	      27777
iid:  1843,          6,          3, 	      33299
iid:  1844,          2,          4, 	      28672
iid:  1845,          7,          6, 	      29745
iid:  1846,          7,          4, 	      28667
iid:  1847,          4,          5, 	      27443
i